1 0.094
2 0.107
3 0.151
4 0.389
5 0.496
6 0.7
7 0.88
8 0.936
9 1.101
10 1.29
11 1.426
12 1.522
13 1.734
14 1.853
15 1.955
16 2.196
17 2.325
18 2.5
19 2.528
20 2.712
21 2.755
22 2.91
23 3.103
24 3.298
25 3.453
26 3.503
27 3.608
28 3.818
29 3.914
30 4.087
31 4.299
32 4.529
33 4.59
34 4.772
35 4.866
36 5.004
37 5.034
38 5.164
39 5.27
40 5.377
41 5.501
42 5.565
43 5.71
44 5.813
45 5.925
46 5.994
47 6.166
48 6.363
49 6.553
50 6.74
51 6.844
52 6.964
53 7.094
54 7.126
55 7.304
56 7.475
57 7.557
58 7.69
59 7.75
60 7.825
61 7.999
62 8.168
63 8.3
64 8.432
65 8.584
66 8.83
67 9.047
68 9.208
69 9.403
70 9.632
71 9.679
72 9.872
73 10.023
74 10.242
75 10.279
76 10.299
77 10.394
78 10.625
79 10.873
80 10.975
81 11.164
82 11.281
83 11.498
84 11.729
85 11.753
86 11.921
87 12.029
88 12.041
89 12.127
90 12.235
91 12.255
92 12.43
93 12.474
94 12.49
95 12.682
96 12.85
97 12.905
98 12.975
99 12.999
100 13.019
101 13.215
102 13.325
103 13.375
104 13.417
105 13.463
106 13.623
107 13.849
108 13.957
109 14.141
110 14.287
111 14.378
112 14.524
113 14.689
114 14.905
115 15.146
116 15.338
117 15.49
118 15.671
119 15.809
120 15.995
121 16.035
122 16.268
123 16.287
124 16.353
125 16.533
126 16.751
127 16.892
128 17.079
129 17.103
130 17.35
131 17.576
132 17.623
133 17.828
134 18.006
135 18.103
136 18.295
137 18.358
138 18.378
139 18.461
140 18.513
141 18.527
142 18.666
143 18.689
144 18.795
145 18.86
146 18.986
147 19.089
148 19.11
149 19.207
150 19.431
151 19.558
152 19.772
153 19.935
154 19.967
155 20.16
156 20.315
157 20.333
158 20.474
159 20.488
160 20.498
161 20.669
162 20.767
163 21.008
164 21.042
165 21.225
166 21.263
167 21.472
168 21.709
169 21.877
170 21.979
171 22.032
172 22.27
173 22.28
174 22.318
175 22.562
176 22.602
177 22.744
178 22.971
179 23.144
180 23.205
181 23.333
182 23.521
183 23.709
184 23.842
185 23.934
186 23.982
187 24.148
188 24.165
189 24.3
190 24.311
191 24.452
192 24.642
193 24.716
194 24.832
195 25.025
196 25.07
197 25.214
198 25.291
199 25.332
200 25.395
201 25.54
202 25.745
203 25.761
204 25.894
205 25.93
206 25.964
207 26.08
208 26.162
209 26.204
210 26.257
211 26.334
212 26.477
213 26.703
214 26.928
215 26.985
216 27.231
217 27.259
218 27.358
219 27.606
220 27.711
221 27.762
222 27.829
223 28.063
224 28.079
225 28.099
226 28.196
227 28.37
228 28.59
229 28.738
230 28.865
231 29.079
232 29.247
233 29.397
234 29.464
235 29.702
236 29.821
237 30.036
238 30.239
239 30.438
240 30.596
241 30.669
242 30.781
243 30.932
244 31.112
245 31.227
246 31.316
247 31.345
248 31.567
249 31.589
250 31.716
251 31.741
252 31.759
253 31.924
254 32.044
255 32.115
256 32.172
257 32.334
258 32.351
259 32.421
260 32.585
261 32.731
262 32.848
263 33.084
264 33.272
265 33.452
266 33.514
267 33.542
268 33.721
269 33.898
270 33.911
271 34.088
272 34.322
273 34.53
274 34.583
275 34.708
276 34.884
277 35.032
278 35.088
279 35.301
280 35.389
281 35.522
282 35.704
283 35.918
284 36.074
285 36.116
286 36.228
287 36.445
288 36.472
289 36.589
290 36.776
291 36.796
292 36.995
293 37.029
294 37.226
295 37.32
296 37.41
297 37.654
298 37.788
299 37.965
300 38.086
301 38.331
302 38.415
303 38.661
304 38.68
305 38.735
306 38.749
307 38.944
308 39.179
309 39.261
310 39.424
311 39.59
312 39.677
313 39.84
314 39.974
315 40.188
316 40.363
317 40.471
318 40.592
319 40.623
320 40.853
321 40.924
322 41.019
323 41.238
324 41.275
325 41.313
326 41.531
327 41.646
328 41.703
329 41.866
330 42.063
331 42.276
332 42.525
333 42.615
334 42.716
335 42.798
336 42.942
337 43.125
338 43.332
339 43.397
340 43.609
341 43.756
342 43.826
343 44.041
344 44.067
345 44.099
346 44.283
347 44.41
348 44.528
349 44.709
350 44.875
351 44.891
352 45.127
353 45.301
354 45.412
355 45.582
356 45.628
357 45.742
358 45.861
359 46.033
360 46.194
361 46.268
362 46.462
363 46.642
364 46.863
365 46.883
366 47.072
367 47.13
368 47.302
369 47.381
370 47.491
371 47.613
372 47.706
373 47.946
374 48.074
375 48.091
376 48.232
377 48.431
378 48.586
379 48.742
380 48.762
381 48.97
382 49.14
383 49.166
384 49.359
385 49.595
386 49.795
387 49.945
388 50.119
389 50.273
390 50.418
391 50.461
392 50.63
393 50.711
394 50.909
395 50.997
396 51.027
397 51.045
398 51.14
399 51.193
400 51.43
401 51.531
402 51.737
403 51.837
404 51.857
405 52.075
406 52.26
407 52.282
408 52.516
409 52.61
410 52.668
411 52.822
412 52.843
413 53.078
414 53.293
415 53.432
416 53.512
417 53.618
418 53.69
419 53.898
420 53.917
421 54.085
422 54.151
423 54.225
424 54.32
425 54.448
426 54.614
427 54.675
428 54.804
429 54.988
430 55.163
431 55.194
432 55.415
433 55.497
434 55.699
435 55.826
436 55.903
437 56.133
438 56.208
439 56.382
440 56.487
441 56.674
442 56.828
443 56.979
444 57.141
445 57.333
446 57.561
447 57.572
448 57.731
449 57.863
450 58.02
451 58.201
452 58.368
453 58.438
454 58.578
455 58.688
456 58.853
457 59.08
458 59.287
459 59.368
460 59.451
461 59.579
462 59.764
463 59.881
464 60.069
465 60.286
466 60.338
467 60.551
468 60.759
469 60.997
470 61.246
471 61.308
472 61.479
473 61.632
474 61.766
475 61.833
476 62.049
477 62.144
478 62.342
479 62.533
480 62.621
481 62.746
482 62.941
483 63.062
484 63.171
485 63.33
486 63.442
487 63.625
488 63.712
489 63.892
490 63.927
491 64.105
492 64.305
493 64.333
494 64.434
495 64.495
496 64.507
497 64.574
498 64.658
499 64.869
500 64.992
501 65.041
502 65.052
503 65.217
504 65.463
505 65.66
506 65.857
507 66.022
508 66.167
509 66.25
510 66.321
511 66.555
512 66.74
513 66.829
514 66.918
515 66.972
516 67.038
517 67.055
518 67.256
519 67.434
520 67.569
521 67.709
522 67.843
523 68.061
524 68.078
525 68.213
526 68.414
527 68.522
528 68.55
529 68.635
530 68.737
531 68.856
532 68.929
533 69.144
534 69.358
535 69.574
536 69.784
537 69.927
538 69.976
539 70.19
540 70.308
541 70.447
542 70.613
543 70.82
544 70.994
545 71.176
546 71.218
547 71.369
548 71.493
549 71.735
550 71.862
551 71.914
552 72.015
553 72.198
554 72.381
555 72.525
556 72.761
557 72.797
558 72.85
559 72.905
560 73.075
561 73.113
562 73.334
563 73.491
564 73.662
565 73.746
566 73.945
567 74.05
568 74.075
569 74.092
570 74.118
571 74.227
572 74.433
573 74.556
574 74.634
575 74.838
576 74.895
577 74.931
578 75.02
579 75.261
580 75.401
581 75.611
582 75.732
583 75.973
584 76.036
585 76.276
586 76.428
587 76.48
588 76.563
589 76.762
590 76.877
591 77.08
592 77.192
593 77.403
594 77.611
595 77.831
596 77.912
597 78.006
598 78.156
599 78.218
600 78.418
601 78.486
602 78.639
603 78.793
604 78.902
605 79.122
606 79.14
607 79.268
608 79.43
609 79.62
610 79.727
611 79.931
612 80.018
613 80.135
614 80.349
615 80.567
616 80.768
617 81.017
618 81.124
619 81.358
620 81.39
621 81.55
622 81.64
623 81.652
624 81.714
625 81.94
626 82.016
627 82.063
628 82.222
629 82.457
630 82.561
631 82.578
632 82.75
633 82.866
634 82.991
635 83.169
636 83.397
637 83.415
638 83.575
639 83.693
640 83.894
641 84.132
642 84.315
643 84.506
644 84.722
645 84.953
646 85.028
647 85.143
648 85.201
649 85.369
650 85.405
651 85.508
652 85.702
653 85.894
654 86.02
655 86.107
656 86.282
657 86.435
658 86.561
659 86.797
660 86.87
661 86.995
662 87.046
663 87.2
664 87.446
665 87.48
666 87.571
667 87.793
668 87.946
669 88.098
670 88.123
671 88.177
672 88.304
673 88.362
674 88.379
675 88.43
676 88.63
677 88.757
678 88.999
679 89.012
680 89.208
681 89.431
682 89.502
683 89.708
684 89.937
685 90.023
686 90.248
687 90.435
688 90.555
689 90.752
690 90.857
691 90.97
692 91.034
693 91.097
694 91.142
695 91.313
696 91.333
697 91.356
698 91.57
699 91.627
700 91.794
701 91.979
702 92.168
703 92.349
704 92.367
705 92.522
706 92.644
707 92.89
708 92.925
709 93.078
710 93.146
711 93.293
712 93.457
713 93.515
714 93.764
715 93.997
716 94.199
717 94.429
718 94.51
719 94.602
720 94.752
721 94.798
722 95.005
723 95.054
724 95.239
725 95.315
726 95.523
727 95.74
728 95.859
729 95.961
730 96.037
731 96.081
732 96.232
733 96.247
734 96.449
735 96.532
736 96.605
737 96.639
738 96.786
739 96.857
740 97.008
741 97.257
742 97.427
743 97.642
744 97.729
745 97.756
746 97.941
747 98.054
748 98.147
749 98.176
750 98.187
751 98.276
752 98.446
753 98.598
754 98.809
755 98.979
756 99.224
757 99.426
758 99.453
759 99.492
760 99.672
761 99.799
762 99.998
763 100.096
764 100.182
765 100.342
766 100.589
767 100.822
768 100.936
769 100.955
770 101.141
771 101.382
772 101.54
773 101.579
774 101.739
775 101.813
776 102.037
777 102.237
778 102.446
779 102.686
780 102.92
781 102.984
782 103.148
783 103.383
784 103.447
785 103.474
786 103.724
787 103.848
788 103.988
789 104.184
790 104.367
791 104.43
792 104.58
793 104.781
794 104.854
795 105.085
796 105.192
797 105.234
798 105.467
799 105.668
800 105.825
801 105.967
802 106.145
803 106.273
804 106.443
805 106.548
806 106.718
807 106.744
808 106.824
809 106.89
810 106.905
811 107.115
812 107.283
813 107.442
814 107.528
815 107.727
816 107.92
817 108.075
818 108.249
819 108.319
820 108.489
821 108.717
822 108.79
823 108.984
824 109.21
825 109.398
826 109.613
827 109.778
828 110.01
829 110.206
830 110.421
831 110.578
832 110.602
833 110.666
834 110.8
835 110.898
836 110.938
837 111.167
838 111.201
839 111.293
840 111.341
841 111.373
842 111.584
843 111.628
844 111.754
845 111.967
846 112.157
847 112.197
848 112.447
849 112.649
850 112.727
851 112.798
852 112.845
853 112.911
854 112.927
855 113.004
856 113.041
857 113.139
858 113.379
859 113.425
860 113.549
861 113.631
862 113.796
863 114.04
864 114.285
865 114.449
866 114.568
867 114.752
868 114.965
869 115.205
870 115.324
871 115.404
872 115.593
873 115.611
874 115.792
875 115.984
876 116.165
877 116.244
878 116.434
879 116.568
880 116.784
881 116.903
882 117.045
883 117.268
884 117.344
885 117.526
886 117.657
887 117.847
888 117.905
889 117.955
890 117.979
891 118.194
892 118.409
893 118.452
894 118.587
895 118.692
896 118.782
897 118.834
898 118.961
899 119.198
900 119.447
901 119.691
902 119.75
903 119.82
904 119.943
905 120.025
906 120.079
907 120.23
908 120.354
909 120.384
910 120.564
911 120.665
912 120.83
913 121.015
914 121.201
915 121.358
916 121.405
917 121.569
918 121.61
919 121.692
920 121.804
921 121.956
922 122.182
923 122.359
924 122.572
925 122.662
926 122.873
927 123.018
928 123.034
929 123.195
930 123.37
931 123.4
932 123.571
933 123.662
934 123.744
935 123.761
936 123.889
937 123.967
938 124.139
939 124.333
940 124.458
941 124.504
942 124.622
943 124.867
944 125.102
945 125.204
946 125.434
947 125.672
948 125.732
949 125.976
950 126.028
951 126.119
952 126.228
953 126.417
954 126.559
955 126.776
956 126.952
957 127.129
958 127.3
959 127.354
960 127.384
961 127.446
962 127.489
963 127.609
964 127.799
965 127.946
966 127.963
967 127.983
968 128.206
969 128.328
970 128.452
971 128.491
972 128.689
973 128.847
974 128.865
975 128.959
976 129.126
977 129.273
978 129.311
979 129.53
980 129.563
981 129.687
982 129.736
983 129.927
984 129.946
985 130.149
986 130.359
987 130.41
988 130.578
989 130.766
990 130.891
991 130.908
992 130.99
993 131.077
994 131.288
995 131.302
996 131.448
997 131.55
998 131.707
999 131.885
1000 132.119
1001 132.227
1002 132.287
1003 132.431
1004 132.643
1005 132.739
1006 132.75
1007 132.892
1008 133.11
1009 133.295
1010 133.455
1011 133.507
1012 133.684
1013 133.9
1014 133.994
1015 134.159
1016 134.336
1017 134.487
1018 134.636
1019 134.771
1020 134.854
1021 135.074
1022 135.203
1023 135.365
1024 135.57
1025 135.718
1026 135.752
1027 135.974
1028 136.174
1029 136.221
1030 136.273
1031 136.428
1032 136.661
1033 136.685
1034 136.826
1035 137.014
1036 137.156
1037 137.393
1038 137.529
1039 137.756
1040 137.963
1041 138.206
1042 138.236
1043 138.335
1044 138.48
1045 138.646
1046 138.836
1047 138.869
1048 138.966
1049 139.175
1050 139.259
1051 139.5
1052 139.714
1053 139.792
1054 139.871
1055 139.917
1056 139.963
1057 140.158
1058 140.388
1059 140.554
1060 140.604
1061 140.664
1062 140.788
1063 140.801
1064 140.843
1065 140.884
1066 140.998
1067 141.158
1068 141.314
1069 141.49
1070 141.729
1071 141.89
1072 142.048
1073 142.21
1074 142.402
1075 142.531
1076 142.658
1077 142.694
1078 142.752
1079 142.876
1080 143.122
1081 143.297
1082 143.475
1083 143.685
1084 143.744
1085 143.797
1086 144.044
1087 144.256
1088 144.327
1089 144.361
1090 144.567
1091 144.788
1092 144.897
1093 145.041
1094 145.275
1095 145.312
1096 145.389
1097 145.59
1098 145.715
1099 145.814
1100 146.022
1101 146.058
1102 146.155
1103 146.25
1104 146.296
1105 146.382
1106 146.541
1107 146.659
1108 146.78
1109 146.986
1110 146.999
1111 147.196
1112 147.382
1113 147.598
1114 147.727
1115 147.868
1116 147.91
1117 148.089
1118 148.26
1119 148.461
1120 148.689
1121 148.741
1122 148.928
1123 149.02
1124 149.266
1125 149.387
1126 149.515
1127 149.656
1128 149.702
1129 149.814
1130 150.051
1131 150.079
1132 150.279
1133 150.395
1134 150.516
1135 150.541
1136 150.727
1137 150.746
1138 150.902
1139 150.97
1140 151.169
1141 151.272
1142 151.431
1143 151.561
1144 151.711
1145 151.95
1146 152.015
1147 152.117
1148 152.153
1149 152.192
1150 152.316
1151 152.384
1152 152.436
1153 152.536
1154 152.631
1155 152.756
1156 152.775
1157 152.884
1158 153.069
1159 153.26
1160 153.452
1161 153.631
1162 153.847
1163 154.062
1164 154.183
1165 154.35
1166 154.471
1167 154.71
1168 154.943
1169 155.169
1170 155.344
1171 155.535
1172 155.687
1173 155.89
1174 156.099
1175 156.244
1176 156.414
1177 156.559
1178 156.64
1179 156.655
1180 156.715
1181 156.915
1182 157.125
1183 157.143
1184 157.221
1185 157.241
1186 157.349
1187 157.492
1188 157.557
1189 157.791
1190 158.0
1191 158.152
1192 158.306
1193 158.487
1194 158.668
1195 158.865
1196 158.907
1197 159.027
1198 159.118
1199 159.3
1200 159.332
1201 159.558
1202 159.579
1203 159.704
1204 159.821
1205 160.044
1206 160.077
1207 160.257
1208 160.285
1209 160.402
1210 160.643
1211 160.892
1212 161.094
1213 161.185
1214 161.295
1215 161.505
1216 161.615
1217 161.854
1218 161.994
1219 162.019
1220 162.201
1221 162.413
1222 162.616
1223 162.797
1224 162.925
1225 163.045
1226 163.129
1227 163.178
1228 163.26
1229 163.469
1230 163.494
1231 163.664
1232 163.7
1233 163.764
1234 163.815
1235 163.994
1236 164.112
1237 164.218
1238 164.309
1239 164.326
1240 164.423
1241 164.556
1242 164.72
1243 164.951
1244 165.015
1245 165.177
1246 165.244
1247 165.351
1248 165.374
1249 165.533
1250 165.561
1251 165.781
1252 166.025
1253 166.111
1254 166.254
1255 166.327
1256 166.454
1257 166.539
1258 166.597
1259 166.774
1260 167.002
1261 167.134
1262 167.198
1263 167.3
1264 167.518
1265 167.689
1266 167.705
1267 167.881
1268 167.981
1269 168.048
1270 168.26
1271 168.505
1272 168.629
1273 168.853
1274 168.892
1275 169.064
1276 169.129
1277 169.377
1278 169.491
1279 169.646
1280 169.699
1281 169.93
1282 170.02
1283 170.16
1284 170.382
1285 170.483
1286 170.539
1287 170.634
1288 170.736
1289 170.971
1290 171.041
1291 171.268
1292 171.406
1293 171.431
1294 171.582
1295 171.629
1296 171.854
1297 172.012
1298 172.037
1299 172.12
1300 172.2
1301 172.287
1302 172.461
1303 172.564
1304 172.687
1305 172.886
1306 172.918
1307 172.99
1308 173.119
1309 173.163
1310 173.231
1311 173.363
1312 173.61
1313 173.749
1314 173.976
1315 174.08
1316 174.216
1317 174.292
1318 174.348
1319 174.555
1320 174.634
1321 174.672
1322 174.873
1323 175.004
1324 175.233
1325 175.451
1326 175.483
1327 175.712
1328 175.902
1329 175.92
1330 176.03
1331 176.195
1332 176.265
1333 176.41
1334 176.466
1335 176.495
1336 176.644
1337 176.762
1338 176.909
1339 177.1
1340 177.307
1341 177.424
1342 177.577
1343 177.642
1344 177.787
1345 177.963
1346 178.075
1347 178.279
1348 178.371
1349 178.42
1350 178.637
1351 178.826
1352 179.028
1353 179.049
1354 179.284
1355 179.306
1356 179.41
1357 179.582
1358 179.768
1359 179.786
1360 179.939
1361 179.973
1362 180.192
1363 180.232
1364 180.35
1365 180.473
1366 180.489
1367 180.612
1368 180.649
1369 180.868
1370 181.04
1371 181.247
1372 181.369
1373 181.583
1374 181.833
1375 182.041
1376 182.287
1377 182.473
1378 182.563
1379 182.632
1380 182.642
1381 182.836
1382 182.978
1383 183.057
1384 183.128
1385 183.273
1386 183.387
1387 183.508
1388 183.703
1389 183.745
1390 183.983
1391 184.129
1392 184.249
1393 184.467
1394 184.486
1395 184.626
1396 184.743
1397 184.971
1398 185.031
1399 185.22
1400 185.386
1401 185.564
1402 185.639
1403 185.733
1404 185.767
1405 185.811
1406 186.049
1407 186.296
1408 186.399
1409 186.415
1410 186.452
1411 186.574
1412 186.711
1413 186.803
1414 186.864
1415 186.95
1416 187.09
1417 187.293
1418 187.473
1419 187.702
1420 187.718
1421 187.927
1422 188.136
1423 188.235
1424 188.425
1425 188.55
1426 188.632
1427 188.786
1428 189.007
1429 189.12
1430 189.324
1431 189.342
1432 189.385
1433 189.582
1434 189.824
1435 190.002
1436 190.237
1437 190.464
1438 190.63
1439 190.819
1440 190.955
1441 191.116
1442 191.256
1443 191.382
1444 191.453
1445 191.6
1446 191.794
1447 191.871
1448 191.885
1449 192.092
1450 192.219
1451 192.352
1452 192.471
1453 192.561
1454 192.773
1455 192.94
1456 193.057
1457 193.181
1458 193.425
1459 193.535
1460 193.594
1461 193.8
1462 193.95
1463 193.995
1464 194.065
1465 194.3
1466 194.547
1467 194.559
1468 194.69
1469 194.882
1470 194.968
1471 195.211
1472 195.271
1473 195.365
1474 195.471
1475 195.665
1476 195.91
1477 196.11
1478 196.293
1479 196.517
1480 196.53
1481 196.692
1482 196.828
1483 196.934
1484 197.106
1485 197.295
1486 197.406
1487 197.523
1488 197.647
1489 197.82
1490 197.878
1491 198.013
1492 198.255
1493 198.309
1494 198.378
1495 198.462
1496 198.625
1497 198.739
1498 198.848
1499 198.889
1500 199.026
1501 199.119
1502 199.3
1503 199.531
1504 199.616
1505 199.754
1506 199.812
1507 199.851
1508 200.092
1509 200.133
1510 200.298
1511 200.332
1512 200.436
1513 200.5
1514 200.737
1515 200.901
1516 200.925
1517 200.997
1518 201.015
1519 201.126
1520 201.348
1521 201.378
1522 201.414
1523 201.609
1524 201.638
1525 201.703
1526 201.891
1527 202.021
1528 202.136
1529 202.299
1530 202.37
1531 202.534
1532 202.664
1533 202.817
1534 202.905
1535 203.04
1536 203.199
1537 203.274
1538 203.375
1539 203.58
1540 203.618
1541 203.631
1542 203.859
1543 204.073
1544 204.253
1545 204.495
1546 204.68
1547 204.806
1548 204.828
1549 204.882
1550 204.922
1551 205.107
1552 205.137
1553 205.238
1554 205.416
1555 205.622
1556 205.779
1557 205.821
1558 205.851
1559 206.042
1560 206.221
1561 206.309
1562 206.541
1563 206.67
1564 206.769
1565 206.941
1566 207.128
1567 207.329
1568 207.392
1569 207.475
1570 207.6
1571 207.719
1572 207.734
1573 207.879
1574 207.944
1575 207.977
1576 208.095
1577 208.345
1578 208.54
1579 208.666
1580 208.879
1581 208.899
1582 209.033
1583 209.078
1584 209.308
1585 209.446
1586 209.683
1587 209.803
1588 209.964
1589 210.111
1590 210.181
1591 210.196
1592 210.23
1593 210.301
1594 210.446
1595 210.623
1596 210.85
1597 210.922
1598 211.097
1599 211.325
1600 211.529
1601 211.628
1602 211.839
1603 211.854
1604 211.912
1605 212.003
1606 212.141
1607 212.304
1608 212.524
1609 212.545
1610 212.574
1611 212.809
1612 212.823
1613 212.86
1614 213.046
1615 213.097
1616 213.322
1617 213.538
1618 213.711
1619 213.853
1620 213.987
1621 214.078
1622 214.235
1623 214.268
1624 214.385
1625 214.483
1626 214.663
1627 214.831
1628 214.869
1629 215.012
1630 215.081
1631 215.198
1632 215.316
1633 215.39
1634 215.458
1635 215.632
1636 215.679
1637 215.928
1638 216.083
1639 216.149
1640 216.368
1641 216.421
1642 216.567
1643 216.625
1644 216.754
1645 216.765
1646 216.949
1647 217.089
1648 217.127
1649 217.206
1650 217.372
1651 217.582
1652 217.673
1653 217.719
1654 217.832
1655 217.85
1656 218.01
1657 218.07
1658 218.284
1659 218.432
1660 218.556
1661 218.69
1662 218.882
1663 218.958
1664 219.047
1665 219.121
1666 219.158
1667 219.362
1668 219.524
1669 219.613
1670 219.629
1671 219.753
1672 219.881
1673 219.891
1674 220.139
1675 220.229
1676 220.351
1677 220.533
1678 220.677
1679 220.845
1680 220.954
1681 220.981
1682 221.09
1683 221.155
1684 221.341
1685 221.352
1686 221.579
1687 221.739
1688 221.811
1689 221.831
1690 221.923
1691 222.049
1692 222.086
1693 222.311
1694 222.528
1695 222.689
1696 222.922
1697 223.024
1698 223.176
1699 223.356
1700 223.551
1701 223.592
1702 223.831
1703 224.075
1704 224.201
1705 224.406
1706 224.526
1707 224.676
1708 224.844
1709 225.029
1710 225.16
1711 225.261
1712 225.324
1713 225.489
1714 225.584
1715 225.63
1716 225.833
1717 226.022
1718 226.091
1719 226.199
1720 226.397
1721 226.441
1722 226.494
1723 226.581
1724 226.778
1725 226.901
1726 226.982
1727 227.188
1728 227.238
1729 227.459
1730 227.523
1731 227.671
1732 227.776
1733 227.906
1734 227.957
1735 228.043
1736 228.163
1737 228.214
1738 228.246
1739 228.318
1740 228.448
1741 228.596
1742 228.616
1743 228.817
1744 228.975
1745 228.991
1746 229.127
1747 229.199
1748 229.334
1749 229.396
1750 229.486
1751 229.666
1752 229.752
1753 229.952
1754 229.991
1755 230.159
1756 230.382
1757 230.418
1758 230.606
1759 230.641
1760 230.653
1761 230.824
1762 230.966
1763 231.026
1764 231.069
1765 231.081
1766 231.311
1767 231.4
1768 231.437
1769 231.548
1770 231.621
1771 231.726
1772 231.908
1773 232.02
1774 232.109
1775 232.203
1776 232.241
1777 232.308
1778 232.484
1779 232.54
1780 232.593
1781 232.727
1782 232.837
1783 232.897
1784 233.116
1785 233.233
1786 233.414
1787 233.546
1788 233.614
1789 233.858
1790 233.989
1791 234.057
1792 234.071
1793 234.316
1794 234.38
1795 234.602
1796 234.812
1797 234.874
1798 234.902
1799 234.933
1800 234.953
1801 235.124
1802 235.368
1803 235.575
1804 235.776
1805 235.824
1806 235.97
1807 236.196
1808 236.353
1809 236.455
1810 236.496
1811 236.692
1812 236.784
1813 237.023
1814 237.113
1815 237.263
1816 237.361
1817 237.523
1818 237.684
1819 237.866
1820 238.085
1821 238.244
1822 238.308
1823 238.361
1824 238.461
1825 238.675
1826 238.71
1827 238.959
1828 239.132
1829 239.169
1830 239.206
1831 239.273
1832 239.439
1833 239.611
1834 239.826
1835 239.839
1836 240.049
1837 240.173
1838 240.374
1839 240.431
1840 240.462
1841 240.643
1842 240.805
1843 240.857
1844 241.07
1845 241.096
1846 241.304
1847 241.461
1848 241.486
1849 241.736
1850 241.966
1851 242.087
1852 242.223
1853 242.288
1854 242.382
1855 242.495
1856 242.706
1857 242.949
1858 243.157
1859 243.387
1860 243.553
1861 243.775
1862 243.868
1863 243.908
1864 244.061
1865 244.122
1866 244.185
1867 244.284
1868 244.367
1869 244.494
1870 244.65
1871 244.718
1872 244.841
1873 244.924
1874 245.004
1875 245.159
1876 245.226
1877 245.311
1878 245.413
1879 245.518
1880 245.697
1881 245.723
1882 245.871
1883 245.967
1884 246.058
1885 246.228
1886 246.418
1887 246.562
1888 246.621
1889 246.698
1890 246.803
1891 246.949
1892 247.121
1893 247.282
1894 247.529
1895 247.575
1896 247.675
1897 247.77
1898 247.978
1899 248.052
1900 248.111
1901 248.195
1902 248.284
1903 248.316
1904 248.39
1905 248.583
1906 248.715
1907 248.935
1908 249.03
1909 249.247
1910 249.287
1911 249.308
1912 249.342
1913 249.398
1914 249.412
1915 249.577
1916 249.609
1917 249.798
1918 249.817
1919 249.923
1920 250.087
1921 250.324
1922 250.392
1923 250.45
1924 250.492
1925 250.594
1926 250.73
1927 250.967
1928 251.09
1929 251.146
1930 251.315
1931 251.443
1932 251.481
1933 251.528
1934 251.549
1935 251.693
1936 251.78
1937 251.923
1938 252.101
1939 252.246
1940 252.334
1941 252.349
1942 252.425
1943 252.546
1944 252.668
1945 252.722
1946 252.944
1947 253.191
1948 253.357
1949 253.438
1950 253.453
1951 253.551
1952 253.705
1953 253.741
1954 253.81
1955 254.048
1956 254.072
1957 254.096
1958 254.313
1959 254.529
1960 254.67
1961 254.807
1962 254.912
1963 255.052
1964 255.209
1965 255.331
1966 255.378
1967 255.457
1968 255.557
1969 255.645
1970 255.732
1971 255.749
1972 255.908
1973 256.114
1974 256.274
1975 256.43
1976 256.474
1977 256.525
1978 256.706
1979 256.8
1980 256.824
1981 256.94
1982 257.155
1983 257.28
1984 257.42
1985 257.663
1986 257.75
1987 257.888
1988 258.059
1989 258.25
1990 258.451
1991 258.501
1992 258.574
1993 258.82
1994 259.052
1995 259.117
1996 259.279
1997 259.408
1998 259.602
1999 259.804
2000 259.992
2001 260.206
2002 260.352
2003 260.597
2004 260.762
2005 260.81
2006 260.969
2007 261.177
2008 261.218
2009 261.246
2010 261.258
2011 261.389
2012 261.57
2013 261.74
2014 261.845
2015 261.973
2016 262.044
2017 262.22
2018 262.442
2019 262.636
2020 262.793
2021 263.032
2022 263.106
2023 263.265
2024 263.319
2025 263.338
2026 263.475
2027 263.525
2028 263.58
2029 263.817
2030 263.958
2031 264.191
2032 264.378
2033 264.399
2034 264.484
2035 264.727
2036 264.817
2037 264.869
2038 264.982
2039 265.164
2040 265.396
2041 265.494
2042 265.533
2043 265.688
2044 265.767
2045 265.797
2046 265.85
2047 266.039
2048 266.056
2049 266.213
2050 266.442
2051 266.501
2052 266.632
2053 266.667
2054 266.898
2055 267.089
2056 267.154
2057 267.292
2058 267.343
2059 267.494
2060 267.739
2061 267.764
2062 267.9
2063 267.941
2064 268.03
2065 268.156
2066 268.365
2067 268.476
2068 268.542
2069 268.59
2070 268.746
2071 268.76
2072 268.835
2073 268.95
2074 269.09
2075 269.188
2076 269.362
2077 269.502
2078 269.654
2079 269.695
2080 269.792
2081 269.866
2082 270.098
2083 270.248
2084 270.323
2085 270.342
2086 270.469
2087 270.594
2088 270.654
2089 270.698
2090 270.792
2091 270.803
2092 270.918
2093 271.117
2094 271.192
2095 271.262
2096 271.381
2097 271.404
2098 271.587
2099 271.725
2100 271.894
2101 272.057
2102 272.26
2103 272.277
2104 272.319
2105 272.384
2106 272.396
2107 272.491
2108 272.676
2109 272.902
2110 273.095
2111 273.278
2112 273.42
2113 273.608
2114 273.732
2115 273.848
2116 274.026
2117 274.233
2118 274.347
2119 274.47
2120 274.481
2121 274.535
2122 274.577
2123 274.648
2124 274.807
2125 274.9
2126 274.92
2127 274.972
2128 275.121
2129 275.166
2130 275.313
2131 275.505
2132 275.604
2133 275.631
2134 275.88
2135 275.912
2136 276.066
2137 276.194
2138 276.21
2139 276.429
2140 276.665
2141 276.699
2142 276.841
2143 276.996
2144 277.198
2145 277.412
2146 277.572
2147 277.697
2148 277.898
2149 278.019
2150 278.128
2151 278.344
2152 278.526
2153 278.657
2154 278.852
2155 278.939
2156 279.078
2157 279.307
2158 279.395
2159 279.621
2160 279.856
2161 280.081
2162 280.304
2163 280.356
2164 280.411
2165 280.589
2166 280.794
2167 280.944
2168 280.966
2169 281.04
2170 281.102
2171 281.329
2172 281.578
2173 281.708
2174 281.785
2175 281.869
2176 281.943
2177 282.092
2178 282.324
2179 282.365
2180 282.474
2181 282.72
2182 282.746
2183 282.909
2184 283.048
2185 283.229
2186 283.334
2187 283.486
2188 283.572
2189 283.754
2190 283.845
2191 283.981
2192 284.229
2193 284.248
2194 284.427
2195 284.532
2196 284.595
2197 284.607
2198 284.707
2199 284.942
2200 284.998
2201 285.026
2202 285.048
2203 285.231
2204 285.314
2205 285.548
2206 285.705
2207 285.821
2208 285.96
2209 286.071
2210 286.168
2211 286.385
2212 286.545
2213 286.649
2214 286.796
2215 286.911
2216 287.057
2217 287.157
2218 287.265
2219 287.488
2220 287.7
2221 287.759
2222 287.988
2223 288.143
2224 288.299
2225 288.495
2226 288.628
2227 288.732
2228 288.76
2229 288.842
2230 288.9
2231 288.966
2232 289.078
2233 289.152
2234 289.26
2235 289.401
2236 289.466
2237 289.484
2238 289.521
2239 289.763
2240 289.801
2241 290.043
2242 290.241
2243 290.427
2244 290.53
2245 290.549
2246 290.676
2247 290.697
2248 290.782
2249 290.957
2250 291.182
2251 291.402
2252 291.465
2253 291.634
2254 291.726
2255 291.855
2256 291.963
2257 292.032
2258 292.25
2259 292.457
2260 292.605
2261 292.84
2262 293.011
2263 293.206
2264 293.222
2265 293.248
2266 293.395
2267 293.599
2268 293.728
2269 293.816
2270 294.055
2271 294.224
2272 294.307
2273 294.397
2274 294.496
2275 294.645
2276 294.891
2277 295.095
2278 295.216
2279 295.275
2280 295.337
2281 295.355
2282 295.538
2283 295.629
2284 295.803
2285 296.019
2286 296.185
2287 296.199
2288 296.421
2289 296.441
2290 296.51
2291 296.6
2292 296.734
2293 296.907
2294 297.042
2295 297.113
2296 297.279
2297 297.49
2298 297.738
2299 297.875
2300 297.926
2301 298.07
2302 298.168
2303 298.223
2304 298.259
2305 298.488
2306 298.622
2307 298.761
2308 298.938
2309 299.128
2310 299.181
2311 299.243
2312 299.442
2313 299.458
2314 299.637
2315 299.83
2316 299.921
2317 299.984
2318 300.173
2319 300.209
2320 300.375
2321 300.459
2322 300.625
2323 300.715
2324 300.95
2325 301.119
2326 301.346
2327 301.578
2328 301.763
2329 302.012
2330 302.144
2331 302.217
2332 302.434
2333 302.633
2334 302.692
2335 302.791
2336 302.927
2337 303.165
2338 303.356
2339 303.415
2340 303.495
2341 303.636
2342 303.677
2343 303.885
2344 304.086
2345 304.211
2346 304.317
2347 304.52
2348 304.619
2349 304.858
2350 304.885
2351 305.097
2352 305.213
2353 305.439
2354 305.557
2355 305.74
2356 305.85
2357 305.979
2358 306.11
2359 306.194
2360 306.231
2361 306.277
2362 306.37
2363 306.427
2364 306.56
2365 306.742
2366 306.8
2367 306.839
2368 307.057
2369 307.162
2370 307.208
2371 307.237
2372 307.424
2373 307.522
2374 307.696
2375 307.915
2376 307.943
2377 308.149
2378 308.168
2379 308.192
2380 308.232
2381 308.414
2382 308.447
2383 308.544
2384 308.635
2385 308.668
2386 308.912
2387 308.944
2388 309.16
2389 309.178
2390 309.232
2391 309.462
2392 309.617
2393 309.85
2394 309.995
2395 310.189
2396 310.28
2397 310.485
2398 310.592
2399 310.73
2400 310.852
2401 311.009
2402 311.185
2403 311.354
2404 311.542
2405 311.699
2406 311.941
2407 312.009
2408 312.117
2409 312.225
2410 312.238
2411 312.426
2412 312.56
2413 312.639
2414 312.726
2415 312.794
2416 312.957
2417 313.064
2418 313.145
2419 313.385
2420 313.475
2421 313.531
2422 313.711
2423 313.857
2424 314.066
2425 314.306
2426 314.383
2427 314.499
2428 314.621
2429 314.782
2430 314.866
2431 315.017
2432 315.125
2433 315.228
2434 315.274
2435 315.49
2436 315.617
2437 315.637
2438 315.652
2439 315.812
2440 316.047
2441 316.15
2442 316.291
2443 316.46
2444 316.575
2445 316.757
2446 316.799
2447 316.983
2448 316.998
2449 317.224
2450 317.429
2451 317.526
2452 317.641
2453 317.767
2454 318.013
2455 318.186
2456 318.408
2457 318.563
2458 318.651
2459 318.678
2460 318.844
2461 319.077
2462 319.117
2463 319.147
2464 319.316
2465 319.51
2466 319.748
2467 319.763
2468 319.823
2469 320.013
2470 320.213
2471 320.343
2472 320.532
2473 320.629
2474 320.859
2475 320.885
2476 321.015
2477 321.143
2478 321.188
2479 321.3
2480 321.383
2481 321.555
2482 321.569
2483 321.712
2484 321.876
2485 322.034
2486 322.137
2487 322.177
2488 322.277
2489 322.488
2490 322.672
2491 322.765
2492 322.932
2493 322.951
2494 323.14
2495 323.198
2496 323.259
2497 323.308
2498 323.442
2499 323.522
2500 323.768
2501 323.911
2502 324.013
2503 324.257
2504 324.494
2505 324.654
2506 324.861
2507 325.071
2508 325.24
2509 325.305
2510 325.414
2511 325.636
2512 325.774
2513 325.975
2514 326.0
2515 326.023
2516 326.078
2517 326.267
2518 326.426
2519 326.467
2520 326.535
2521 326.744
2522 326.891
2523 327.101
2524 327.303
2525 327.541
2526 327.767
2527 327.827
2528 327.981
2529 328.081
2530 328.238
2531 328.391
2532 328.484
2533 328.55
2534 328.597
2535 328.813
2536 329.034
2537 329.099
2538 329.198
2539 329.329
2540 329.411
2541 329.501
2542 329.538
2543 329.681
2544 329.855
2545 329.957
2546 330.085
2547 330.276
2548 330.524
2549 330.746
2550 330.904
2551 331.075
2552 331.317
2553 331.5
2554 331.682
2555 331.724
2556 331.768
2557 331.946
2558 332.185
2559 332.399
2560 332.527
2561 332.732
2562 332.781
2563 333.011
2564 333.045
2565 333.099
2566 333.129
2567 333.265
2568 333.5
2569 333.646
2570 333.694
2571 333.866
2572 333.904
2573 333.958
2574 333.999
2575 334.186
2576 334.341
2577 334.405
2578 334.602
2579 334.722
2580 334.749
2581 334.966
2582 334.981
2583 335.217
2584 335.362
2585 335.395
2586 335.616
2587 335.776
2588 335.972
2589 336.102
2590 336.327
2591 336.554
2592 336.712
2593 336.871
2594 336.899
2595 336.97
2596 337.215
2597 337.444
2598 337.677
2599 337.715
2600 337.812
2601 338.034
2602 338.277
2603 338.335
2604 338.465
2605 338.551
2606 338.581
2607 338.794
2608 338.968
2609 339.091
2610 339.113
2611 339.222
2612 339.467
2613 339.6
2614 339.774
2615 339.871
2616 340.099
2617 340.26
2618 340.411
2619 340.495
2620 340.702
2621 340.728
2622 340.746
2623 340.844
2624 341.034
2625 341.059
2626 341.195
2627 341.406
2628 341.54
2629 341.775
2630 341.962
2631 342.078
2632 342.267
2633 342.322
2634 342.476
2635 342.686
2636 342.868
2637 342.908
2638 342.977
2639 343.147
2640 343.323
2641 343.543
2642 343.69
2643 343.771
2644 343.971
2645 344.08
2646 344.266
2647 344.414
2648 344.652
2649 344.772
2650 344.892
2651 344.963
2652 345.096
2653 345.299
2654 345.5
2655 345.709
2656 345.738
2657 345.933
2658 346.01
2659 346.026
2660 346.207
2661 346.347
2662 346.38
2663 346.447
2664 346.584
2665 346.635
2666 346.709
2667 346.86
2668 347.006
2669 347.144
2670 347.377
2671 347.62
2672 347.714
2673 347.756
2674 347.884
2675 347.935
2676 347.964
2677 348.161
2678 348.34
2679 348.355
2680 348.408
2681 348.587
2682 348.696
2683 348.736
2684 348.98
2685 349.024
2686 349.106
2687 349.231
2688 349.38
2689 349.456
2690 349.57
2691 349.688
2692 349.931
2693 350.17
2694 350.354
2695 350.406
2696 350.443
2697 350.573
2698 350.627
2699 350.768
2700 350.986
2701 351.044
2702 351.244
2703 351.263
2704 351.3
2705 351.492
2706 351.568
2707 351.807
2708 351.914
2709 351.926
2710 351.979
2711 352.121
2712 352.368
2713 352.548
2714 352.604
2715 352.691
2716 352.726
2717 352.905
2718 353.152
2719 353.239
2720 353.442
2721 353.543
2722 353.602
2723 353.829
2724 354.03
2725 354.119
2726 354.331
2727 354.38
2728 354.409
2729 354.444
2730 354.614
2731 354.74
2732 354.842
2733 355.026
2734 355.162
2735 355.329
2736 355.484
2737 355.506
2738 355.618
2739 355.822
2740 356.035
2741 356.122
2742 356.259
2743 356.394
2744 356.484
2745 356.604
2746 356.795
2747 356.856
2748 356.898
2749 357.068
2750 357.092
2751 357.337
2752 357.51
2753 357.712
2754 357.769
2755 357.87
2756 358.065
2757 358.122
2758 358.339
2759 358.453
2760 358.683
2761 358.9
2762 359.023
2763 359.229
2764 359.39
2765 359.48
2766 359.617
2767 359.848
2768 359.948
2769 360.099
2770 360.325
2771 360.342
2772 360.368
2773 360.39
2774 360.436
2775 360.685
2776 360.757
2777 360.936
2778 360.955
2779 361.2
2780 361.279
2781 361.512
2782 361.752
2783 361.94
2784 362.122
2785 362.298
2786 362.455
2787 362.689
2788 362.765
2789 362.948
2790 363.164
2791 363.395
2792 363.625
2793 363.703
2794 363.855
2795 363.974
2796 363.993
2797 364.154
2798 364.394
2799 364.54
2800 364.603
2801 364.818
2802 365.02
2803 365.249
2804 365.339
2805 365.359
2806 365.568
2807 365.683
2808 365.855
2809 365.931
2810 366.081
2811 366.218
2812 366.265
2813 366.394
2814 366.558
2815 366.612
2816 366.668
2817 366.785
2818 366.798
2819 366.97
2820 367.106
2821 367.207
2822 367.302
2823 367.411
2824 367.563
2825 367.707
2826 367.796
2827 368.03
2828 368.063
2829 368.25
2830 368.438
2831 368.476
2832 368.684
2833 368.779
2834 368.977
2835 369.006
2836 369.049
2837 369.229
2838 369.375
2839 369.488
2840 369.521
2841 369.543
2842 369.684
2843 369.701
2844 369.743
2845 369.904
2846 370.143
2847 370.159
2848 370.358
2849 370.441
2850 370.458
2851 370.599
2852 370.688
2853 370.816
2854 371.043
2855 371.289
2856 371.349
2857 371.507
2858 371.722
2859 371.839
2860 372.044
2861 372.194
2862 372.442
2863 372.563
2864 372.586
2865 372.803
2866 372.983
2867 373.179
2868 373.374
2869 373.431
2870 373.567
2871 373.811
2872 373.961
2873 374.014
2874 374.147
2875 374.284
2876 374.432
2877 374.502
2878 374.682
2879 374.836
2880 374.894
2881 374.98
2882 375.123
2883 375.203
2884 375.248
2885 375.295
2886 375.54
2887 375.608
2888 375.827
2889 375.981
2890 376.216
2891 376.274
2892 376.305
2893 376.452
2894 376.549
2895 376.657
2896 376.778
2897 376.834
2898 376.852
2899 377.017
2900 377.14
2901 377.192
2902 377.318
2903 377.515
2904 377.672
2905 377.91
2906 378.097
2907 378.15
2908 378.169
2909 378.209
2910 378.44
2911 378.569
2912 378.623
2913 378.653
2914 378.897
2915 378.942
2916 379.17
2917 379.188
2918 379.351
2919 379.561
2920 379.744
2921 379.815
2922 379.898
2923 380.057
2924 380.19
2925 380.28
2926 380.486
2927 380.624
2928 380.76
2929 380.783
2930 380.9
2931 381.029
2932 381.167
2933 381.362
2934 381.464
2935 381.5
2936 381.559
2937 381.772
2938 381.837
2939 381.983
2940 382.042
2941 382.109
2942 382.299
2943 382.521
2944 382.665
2945 382.876
2946 383.085
2947 383.28
2948 383.314
2949 383.452
2950 383.592
2951 383.777
2952 383.954
2953 384.161
2954 384.185
2955 384.413
2956 384.428
2957 384.664
2958 384.752
2959 384.774
2960 384.8
2961 384.926
2962 384.987
2963 385.118
2964 385.364
2965 385.408
2966 385.504
2967 385.673
2968 385.911
2969 386.004
2970 386.054
2971 386.212
2972 386.443
2973 386.688
2974 386.844
2975 387.08
2976 387.257
2977 387.346
2978 387.472
2979 387.699
2980 387.858
2981 388.081
2982 388.257
2983 388.466
2984 388.568
2985 388.768
2986 388.958
2987 389.079
2988 389.32
2989 389.365
2990 389.375
2991 389.393
2992 389.49
2993 389.574
2994 389.777
2995 389.887
2996 389.963
2997 390.002
2998 390.228
2999 390.478
3000 390.563
