JOHN 184 207 436 324 103
JIM 570 607 727 904 301
JIM 737 1188 878 1428 226
JOHN 1063 1644 1080 1876 186
JOHN 1362 1906 1624 1921 246
JIM 1819 1992 1951 2193 5
JEREMY 2238 2351 2317 2615 211
JOHN 2452 2819 2475 2917 49
JOHN 2663 3127 2827 3355 157
JACK 2936 3573 2972 3726 125
JACK 3266 3894 3538 4100 153
JEREMY 3649 4217 3856 4361 249
JEREMY 3951 4609 3997 4898 96
JIM 4033 5054 4109 5091 79
JACK 4303 5332 4399 5398 21
JOHN 4675 5547 4949 5596 113
JOHN 5087 5801 5391 5908 181
JOHN 5521 5993 5735 6177 259
JACK 5957 6215 5988 6241 35
JEREMY 6218 6358 6447 6411 44
JEREMY 6482 6488 6735 6542 189
JEREMY 6949 6784 7089 6943 127
JOHN 7230 7096 7341 7121 93
JACK 7578 7360 7771 7420 135
JACK 8075 7695 8208 7921 167
JOHN 8499 7948 8670 8153 139
JIM 8869 8359 9081 8388 45
JOHN 9180 8414 9195 8597 138
JEREMY 9454 8631 9610 8841 86
JIM 9849 9075 9868 9144 25
JACK 10118 9359 10218 9663 87
JEREMY 10248 9735 10337 9999 74
JEREMY 10540 10104 10794 10387 99
JOHN 10875 10586 11096 10727 93
JACK 11266 10745 11535 10970 312
JACK 11663 11135 11835 11269 49
JIM 11972 11493 12242 11686 10
JEREMY 12482 11743 12623 11923 177
JIM 12649 12072 12767 12118 88
JOHN 13065 12192 13226 12315 64
JEREMY 13310 12440 13533 12576 236
JEREMY 13828 12882 13971 13181 168
JACK 14028 13272 14059 13472 73
JACK 14157 13698 14167 13941 71
JIM 14361 14176 14504 14199 137
JEREMY 14719 14233 14981 14307 52
JIM 15251 14423 15416 14635 110
JOHN 15517 14779 15615 14966 174
JIM 15672 15085 15859 15123 74
JIM 15939 15366 16047 15656 220
JEREMY 16220 15676 16452 15939 344
JIM 16555 15970 16632 16026 37
JACK 16756 16291 16793 16409 46
JIM 16994 16465 17078 16711 11
JEREMY 17358 16980 17563 17113 36
JEREMY 17590 17288 17783 17324 170
JEREMY 17991 17590 18046 17613 51
JACK 18262 17738 18549 18027 338
JEREMY 18781 18199 18894 18346 18
JACK 18950 18418 19144 18534 91
JACK 19227 18589 19524 18740 143
JOHN 19544 18835 19556 19077 71
JOHN 19618 19288 19674 19579 272
JOHN 19741 19637 19873 19774 180
JOHN 20082 19993 20313 20277 21
JEREMY 20396 20504 20465 20789 140
JEREMY 20712 20960 20959 21214 26
JACK 21054 21338 21071 21404 41
JOHN 21338 21699 21600 21735 216
JIM 21724 21958 21801 22077 110
JIM 21990 22211 22145 22435 167
JEREMY 22453 22607 22534 22822 75
JEREMY 22569 23062 22664 23352 274
JACK 22875 23554 22903 23695 88
JEREMY 23127 23768 23260 23806 78
JIM 23397 24002 23438 24048 35
JEREMY 23530 24058 23554 24172 36
JEREMY 23795 24294 24081 24576 68
JACK 24188 24593 24313 24675 95
JOHN 24592 24917 24760 25224 259
JIM 24799 25277 25026 25349 159
JACK 25191 25409 25204 25585 138
JOHN 25313 25633 25328 25844 57
JOHN 25416 25938 25470 26060 46
JIM 25665 26123 25754 26319 136
JIM 25956 26393 26171 26463 49
JOHN 26451 26563 26556 26635 99
JEREMY 26753 26852 26840 26863 7
JEREMY 27023 27157 27183 27386 115
JEREMY 27466 27596 27568 27902 157
JOHN 27858 27955 28165 28128 32
JEREMY 28262 28291 28529 28591 365
JACK 28788 28675 28910 28728 21
JACK 29072 28812 29100 29035 33
JIM 29399 29261 29642 29456 299
JIM 29910 29574 30058 29715 190
JIM 30269 29805 30414 30035 201
JACK 30688 30165 30948 30279 41
JEREMY 30969 30398 31092 30693 77
JOHN 31282 30998 31468 31291 112
JEREMY 31688 31506 31922 31519 190
JEREMY 32000 31823 32271 31991 61
JOHN 32497 32270 32748 32331 207
JACK 33054 32532 33291 32829 83
JIM 33321 32913 33340 33178 232
JOHN 33445 33399 33701 33611 258
JACK 33858 33660 33990 33688 110
JOHN 34002 33980 34132 34126 94
JEREMY 34233 34300 34314 34580 160
JOHN 34378 34879 34472 34991 106
JACK 34541 35144 34575 35351 103
JIM 34747 35539 35025 35805 304
JACK 35166 35849 35289 36155 107
JIM 35468 36320 35645 36503 90
JOHN 35894 36571 36110 36655 202
JEREMY 36187 36923 36495 37042 310
JIM 36721 37331 36970 37575 268
JIM 37099 37738 37348 37849 224
JACK 37530 38115 37594 38346 200
JOHN 37681 38462 37919 38686 194
JEREMY 38208 38756 38398 38777 165
JACK 38454 38812 38490 38836 33
JIM 38603 39137 38771 39191 40
JACK 38841 39326 38853 39348 19
JOHN 38991 39394 39038 39536 92
JACK 39177 39784 39372 39921 120
JOHN 39542 40156 39594 40226 6
JIM 39688 40326 39726 40505 135
JEREMY 39778 40530 39989 40724 195
JIM 40169 40749 40395 40865 182
JIM 40508 41147 40714 41442 318
JOHN 40979 41477 41096 41728 101
JOHN 41213 41875 41483 41971 92
JOHN 41610 42068 41863 42124 143
JOHN 41939 42362 42163 42416 219
JOHN 42260 42627 42539 42729 25
JACK 42610 43017 42701 43223 110
JOHN 42806 43491 42866 43647 4
JEREMY 42876 43751 42902 43924 155
JACK 43077 44145 43217 44171 36
JEREMY 43262 44325 43512 44404 38
JOHN 43742 44447 43827 44701 197
JACK 43891 44825 44109 45065 228
JACK 44407 45346 44553 45650 252
JIM 44718 45902 44749 45985 55
JACK 44949 46059 45242 46290 87
JOHN 45377 46395 45497 46531 83
JIM 45543 46757 45634 46835 29
JACK 45858 46930 46039 47123 260
JACK 46170 47303 46257 47415 33
JOHN 46441 47665 46745 47691 85
JEREMY 46807 47828 46917 47929 97
JACK 47147 48012 47235 48095 118
JOHN 47326 48203 47351 48445 184
JACK 47576 48564 47695 48711 117
JACK 47758 48885 47865 49100 175
JACK 47892 49157 48201 49268 19
JIM 48331 49420 48473 49551 19
JEREMY 48559 49738 48614 49910 22
JIM 48881 50109 48925 50149 4
JOHN 49117 50342 49202 50421 46
JEREMY 49278 50593 49452 50719 161
JACK 49701 50754 49719 51045 43
JIM 49787 51276 49892 51483 71
JEREMY 49972 51539 50010 51703 100
JOHN 50067 51793 50113 51847 28
JIM 50275 51918 50470 52108 37
JEREMY 50561 52247 50638 52320 47
JACK 50898 52362 51033 52375 98
JOHN 51100 52557 51195 52569 43
JACK 51468 52843 51742 52989 179
JIM 52017 53013 52200 53205 203
JACK 52304 53292 52343 53583 206
JACK 52517 53874 52796 53974 172
JEREMY 52924 54043 52952 54131 30
JEREMY 52967 54174 53110 54310 126
JACK 53314 54510 53617 54583 30
JIM 53732 54838 53743 55042 43
JACK 53789 55148 54006 55427 263
JIM 54114 55710 54333 55978 117
JOHN 54366 56052 54443 56176 80
JOHN 54597 56464 54789 56538 113
JACK 54888 56703 54998 56855 106
JEREMY 55071 57055 55083 57302 227
JOHN 55293 57355 55515 57522 81
JOHN 55548 57830 55629 58086 64
JIM 55792 58134 56040 58190 25
JEREMY 56181 58400 56411 58522 123
JIM 56695 58611 56793 58794 26
JOHN 56960 58909 56995 59131 208
JIM 57121 59213 57153 59351 8
JEREMY 57214 59591 57346 59710 25
JACK 57553 59796 57716 59986 69
JEREMY 57842 60132 57997 60369 81
JACK 58132 60403 58341 60685 98
JACK 58493 60749 58563 61027 224
JACK 58758 61313 58965 61531 109
JIM 59094 61634 59329 61830 21
JEREMY 59427 61934 59668 62129 203
JEREMY 59770 62253 59935 62492 135
JACK 59975 62656 60194 62937 23
JIM 60378 63173 60479 63322 163
JEREMY 60508 63572 60808 63758 326
JEREMY 60842 64015 60986 64064 27
JACK 61137 64313 61210 64555 4
JACK 61430 64693 61513 64801 68
JEREMY 61610 65030 61886 65198 279
JOHN 62067 65421 62316 65688 78
JIM 62559 65989 62862 66178 25
JEREMY 62962 66265 63119 66434 213
JOHN 63158 66731 63279 66850 133
JACK 63452 66979 63705 67135 147
JOHN 63734 67429 63808 67698 98
JOHN 64039 67887 64178 67999 63
JIM 64290 68270 64429 68428 63
JOHN 64664 68536 64962 68577 190
JOHN 65243 68800 65456 69016 241
JIM 65596 69100 65865 69331 152
JEREMY 65974 69435 66145 69463 63
JACK 66371 69574 66626 69870 331
JACK 66798 70015 66854 70215 126
JIM 66984 70313 67160 70339 45
JACK 67404 70642 67551 70846 168
JEREMY 67714 70993 67974 71106 159
JIM 68267 71125 68452 71255 149
JIM 68626 71459 68804 71523 107
JEREMY 69006 71776 69031 72057 146
JEREMY 69127 72320 69419 72576 201
JACK 69532 72864 69795 73158 23
JEREMY 69859 73369 70049 73532 173
JIM 70205 73742 70258 73960 137
JEREMY 70511 74179 70569 74207 53
JACK 70680 74249 70731 74260 7
JACK 70889 74274 70974 74557 191
JIM 70984 74714 71217 74816 124
JOHN 71327 75068 71340 75232 18
JEREMY 71468 75407 71598 75437 40
JACK 71838 75570 71954 75846 172
JIM 72218 76106 72293 76318 81
JEREMY 72500 76334 72513 76378 32
JACK 72682 76489 72845 76551 161
JACK 73028 76757 73289 77044 27
JOHN 73577 77082 73772 77372 210
JACK 73903 77633 74082 77700 161
JEREMY 74323 77995 74605 78050 172
JACK 74668 78106 74938 78169 207
JACK 75032 78436 75318 78500 171
JOHN 75500 78661 75534 78698 18
JEREMY 75594 78927 75625 79182 193
JEREMY 75683 79281 75870 79516 244
JACK 75967 79746 76096 79966 123
JACK 76268 80256 76545 80360 26
JEREMY 76820 80645 77045 80656 88
JIM 77168 80729 77383 81007 298
JACK 77578 81030 77786 81136 164
JEREMY 77975 81319 78109 81329 66
JACK 78247 81410 78267 81466 54
JEREMY 78523 81611 78675 81875 197
JIM 78773 81992 79073 82240 24
JACK 79356 82327 79563 82391 194
JIM 79781 82682 79889 82985 299
JIM 80178 83291 80342 83477 210
JOHN 80528 83529 80643 83723 41
JIM 80943 83758 81011 83773 45
JEREMY 81064 83994 81244 84273 324
JIM 81431 84557 81641 84846 124
JEREMY 81789 84989 82020 85218 158
JIM 82114 85390 82149 85444 43
JEREMY 82262 85750 82542 85789 225
JEREMY 82620 85832 82727 85860 10
JIM 82738 85873 82925 86116 32
JACK 83058 86243 83279 86291 222
JEREMY 83328 86424 83444 86449 111
JIM 83740 86490 84045 86755 153
JOHN 84347 86869 84549 87141 263
JIM 84782 87243 84901 87303 86
JACK 85024 87395 85263 87626 173
JIM 85380 87874 85400 88057 50
JIM 85704 88183 85975 88484 118
JEREMY 86272 88585 86490 88681 10
JEREMY 86603 88858 86756 89097 197
JEREMY 87013 89384 87026 89484 79
JACK 87291 89611 87599 89674 210
JEREMY 87653 89861 87833 90101 139
JEREMY 87971 90335 88110 90474 159
JOHN 88364 90601 88634 90852 308
JACK 88657 91066 88673 91293 143
JACK 88940 91510 89141 91719 82
JEREMY 89444 91779 89686 91963 160
JEREMY 89746 92049 89939 92134 168
JEREMY 90206 92355 90355 92617 92
JEREMY 90502 92691 90710 92702 141
JOHN 90828 92840 90977 92925 104
JACK 91220 93066 91254 93228 10
JEREMY 91375 93512 91466 93781 212
JIM 91533 94003 91716 94184 117
JOHN 91882 94493 92038 94553 134
JIM 92048 94794 92197 95082 93
JACK 92497 95357 92696 95534 127
JEREMY 92985 95843 93056 96129 163
JOHN 93117 96315 93215 96569 189
JOHN 93453 96794 93650 96871 44
JIM 93770 97164 93868 97182 49
JIM 93935 97442 94182 97685 219
JOHN 94463 97741 94603 97891 193
JOHN 94710 98171 94782 98255 54
JEREMY 95020 98368 95276 98470 46
JEREMY 95327 98531 95411 98652 115
JIM 95656 98793 95760 98934 128
JIM 95909 99157 95998 99276 26
JEREMY 96218 99303 96444 99525 139
JACK 96541 99691 96829 99756 15
JIM 96923 100037 97111 100302 215
JEREMY 97310 100483 97428 100552 132
JEREMY 97667 100823 97853 100877 133
JEREMY 97877 100963 98021 101169 30
JIM 98272 101205 98509 101498 208
JACK 98732 101755 98904 101987 269
JACK 99113 102166 99306 102294 183
JIM 99479 102522 99556 102565 85
JOHN 99726 102828 99955 102853 4
JIM 100169 103004 100447 103274 287
JOHN 100512 103325 100800 103477 15
JIM 101035 103603 101308 103708 88
JIM 101449 103850 101466 103864 8
JOHN 101674 103984 101897 104147 242
JOHN 102115 104270 102136 104397 90
JIM 102174 104490 102350 104552 47
JOHN 102508 104713 102721 104740 142
JOHN 102840 104857 103039 105092 32
JOHN 103203 105246 103341 105441 112
JIM 103390 105485 103658 105719 346
JOHN 103910 105909 104214 105932 227
JIM 104247 106111 104350 106138 32
JACK 104508 106285 104742 106449 188
JIM 104879 106715 105164 106975 222
JEREMY 105236 107147 105493 107167 218
JEREMY 105550 107306 105676 107378 45
JIM 105963 107517 106152 107637 113
JIM 106433 107807 106539 108010 83
JOHN 106844 108298 107077 108414 111
JOHN 107256 108472 107306 108508 19
JACK 107368 108611 107675 108717 282
JIM 107771 108961 107870 109182 206
JIM 108120 109192 108419 109489 189
JEREMY 108658 109693 108739 109980 24
JOHN 108849 110097 108910 110246 50
JOHN 109196 110320 109478 110422 122
JACK 109741 110445 110016 110501 272
JACK 110195 110560 110444 110786 228
JEREMY 110487 111072 110604 111136 61
JACK 110704 111225 110870 111385 173
JEREMY 111171 111404 111255 111628 132
JEREMY 111390 111755 111560 112023 117
JEREMY 111664 112239 111913 112265 28
JIM 111932 112352 112120 112493 108
JOHN 112411 112632 112702 112652 166
JEREMY 112929 112815 113095 112955 144
JOHN 113131 113175 113228 113417 74
JACK 113306 113540 113607 113681 124
JOHN 113777 113827 113823 113886 43
JEREMY 114105 113935 114166 114170 130
JIM 114208 114457 114499 114611 168
JEREMY 114721 114900 114867 115003 125
JEREMY 114973 115182 115199 115299 58
JACK 115288 115420 115595 115729 243
JOHN 115708 115877 115729 116031 79
JIM 115929 116285 115954 116529 37
JACK 116081 116773 116339 117069 291
JIM 116544 117310 116728 117378 14
JOHN 116901 117545 117132 117834 222
JOHN 117415 117854 117496 117907 21
JOHN 117633 117942 117643 118227 27
JIM 117822 118383 118067 118497 250
JACK 118371 118551 118433 118645 64
JIM 118592 118710 118755 118945 205
JEREMY 118944 119156 118954 119314 58
JIM 119115 119476 119352 119505 91
JEREMY 119446 119703 119565 119982 55
JOHN 119621 120033 119689 120122 45
JIM 119788 120228 119965 120254 88
JEREMY 120158 120438 120363 120699 117
JOHN 120406 120772 120621 120960 222
JACK 120783 121024 120860 121107 50
JACK 121014 121134 121253 121395 100
JOHN 121527 121422 121739 121637 230
JEREMY 121799 121780 121872 122051 9
JOHN 122155 122357 122406 122453 21
JIM 122682 122525 122810 122756 57
JACK 123071 122777 123240 122831 16
JIM 123494 123091 123613 123218 7
JOHN 123694 123380 123870 123615 173
JEREMY 124106 123771 124185 124080 82
JIM 124356 124281 124537 124381 168
JOHN 124761 124657 124819 124749 31
JOHN 124929 124961 125222 125133 192
JEREMY 125381 125305 125633 125566 69
JACK 125721 125696 125760 125960 140
JEREMY 125925 126236 125943 126260 4
JACK 126157 126475 126331 126533 93
JIM 126539 126829 126766 126922 27
JOHN 126968 127089 127076 127158 9
JEREMY 127384 127436 127687 127714 193
JEREMY 127892 127994 128201 128123 240
JACK 128241 128193 128276 128228 10
JEREMY 128497 128414 128517 128554 26
JIM 128536 128613 128752 128687 216
JEREMY 128795 128862 128899 128954 42
JEREMY 129010 129035 129063 129308 125
JEREMY 129333 129363 129588 129471 62
JACK 129820 129764 130079 130021 187
JOHN 130362 130168 130473 130363 69
JIM 130759 130533 130866 130613 114
JOHN 131142 130722 131167 131030 265
JEREMY 131458 131332 131633 131632 134
JACK 131922 131940 132014 132101 35
JACK 132137 132173 132199 132296 16
JEREMY 132289 132463 132511 132737 199
JACK 132741 132878 132891 133054 225
JOHN 132915 133233 133087 133466 109
JEREMY 133124 133644 133349 133912 168
JIM 133389 133939 133628 134043 55
JACK 133750 134254 133902 134523 251
JIM 134039 134818 134343 135058 20
JOHN 134373 135260 134485 135285 54
JEREMY 134555 135406 134856 135543 56
JEREMY 134932 135709 135103 135811 25
JIM 135149 135955 135234 136130 129
JIM 135481 136404 135551 136519 94
JIM 135628 136657 135766 136909 34
JEREMY 135860 137115 136061 137321 99
JOHN 136098 137331 136230 137626 156
JACK 136458 137740 136738 137936 11
JIM 136844 138152 136972 138306 16
JIM 137040 138505 137218 138568 149
JACK 137366 138818 137433 139062 65
JACK 137603 139140 137692 139387 99
JOHN 137745 139595 138034 139798 212
JACK 138158 140029 138413 140110 128
JEREMY 138536 140204 138806 140376 220
JIM 138854 140483 138898 140764 10
JIM 139086 140825 139302 140953 4
JIM 139428 140972 139493 141214 47
JEREMY 139562 141370 139666 141665 159
JEREMY 139722 141895 140031 141980 32
JEREMY 140169 142150 140396 142162 51
JACK 140541 142363 140814 142382 172
JACK 141069 142416 141094 142669 174
JEREMY 141165 142731 141302 142954 123
JEREMY 141491 143056 141502 143298 99
JIM 141759 143564 141905 143664 70
JACK 141949 143713 141995 143990 22
JEREMY 142088 144274 142210 144525 66
JOHN 142351 144649 142660 144889 141
JACK 142771 145137 142937 145439 119
JEREMY 143182 145720 143410 145975 311
JIM 143669 146272 143778 146534 105
JEREMY 143906 146762 144082 147009 223
JACK 144239 147169 144285 147288 108
JIM 144364 147346 144458 147574 137
JOHN 144565 147835 144818 148021 171
JEREMY 145014 148280 145178 148384 72
JEREMY 145450 148403 145628 148434 26
JEREMY 145888 148597 145947 148624 53
JEREMY 146111 148672 146340 148973 351
JACK 146564 149242 146654 149518 172
JACK 146875 149769 146913 149940 35
JEREMY 147131 150145 147304 150158 170
JOHN 147548 150181 147738 150414 84
JACK 147906 150707 148208 150893 147
JIM 148393 150991 148590 151015 11
JOHN 148696 151098 148814 151249 87
JOHN 148887 151519 149002 151642 5
JOHN 149287 151848 149507 152116 16
JEREMY 149528 152424 149737 152728 46
JOHN 149805 152914 149815 153076 116
JOHN 149960 153087 150208 153378 263
JIM 150338 153536 150587 153781 28
JIM 150679 153820 150880 153930 180
JEREMY 151034 154023 151100 154132 45
JEREMY 151154 154200 151394 154497 111
JACK 151404 154686 151452 154844 105
JEREMY 151636 155001 151696 155117 118
JEREMY 151833 155386 152118 155422 54
JEREMY 152381 155645 152513 155681 5
JEREMY 152534 155770 152651 155969 114
JEREMY 152832 156237 153083 156440 108
JIM 153135 156737 153373 156797 225
JEREMY 153596 157029 153778 157254 80
JACK 153909 157504 154163 157726 31
JEREMY 154182 157961 154397 158241 351
JOHN 154468 158466 154504 158615 103
JIM 154545 158647 154604 158926 153
JEREMY 154817 159025 155098 159042 72
JOHN 155342 159065 155479 159164 51
JEREMY 155662 159437 155937 159659 40
JEREMY 156240 159857 156482 159900 119
JACK 156498 159930 156798 159981 104
JEREMY 156925 160198 156938 160313 17
JEREMY 157151 160395 157444 160464 113
JEREMY 157548 160649 157736 160689 127
JEREMY 158024 160719 158202 160965 84
JOHN 158250 160984 158451 161127 127
JACK 158637 161341 158923 161645 174
JEREMY 159131 161951 159189 162062 20
JEREMY 159276 162240 159512 162405 253
JEREMY 159710 162676 159969 162784 267
JOHN 160259 162850 160368 162862 36
JIM 160433 162887 160452 163054 37
JACK 160616 163219 160885 163373 145
JEREMY 160913 163657 161184 163785 108
JACK 161333 163951 161594 164225 309
JEREMY 161623 164400 161774 164652 178
JEREMY 162008 164891 162219 165134 103
JIM 162312 165173 162535 165325 120
JACK 162597 165600 162658 165613 16
JOHN 162879 165768 162901 165802 22
JACK 163155 165856 163195 166072 191
JIM 163500 166370 163642 166529 178
JEREMY 163738 166679 163979 166828 107
JIM 164021 166948 164312 167233 241
JIM 164357 167522 164520 167739 230
JEREMY 164726 167785 164788 168022 94
JOHN 164844 168048 164908 168180 62
JIM 165003 168468 165257 168658 254
JOHN 165529 168904 165582 168931 10
JEREMY 165734 169016 165785 169156 119
JACK 165815 169301 166099 169524 69
JEREMY 166276 169618 166544 169701 11
JIM 166698 169967 166863 170189 43
JEREMY 166958 170264 167228 170274 256
JACK 167427 170562 167501 170602 63
JEREMY 167548 170833 167745 170906 35
JIM 167928 171064 168029 171103 46
JACK 168093 171362 168244 171383 10
JACK 168286 171597 168506 171828 180
JIM 168721 172063 169007 172203 87
JACK 169099 172437 169182 172603 67
JOHN 169382 172724 169434 172845 25
JACK 169551 172969 169592 172993 14
JOHN 169628 173116 169749 173136 36
JEREMY 170050 173157 170171 173201 78
JOHN 170316 173265 170384 173291 51
JEREMY 170396 173364 170521 173459 103
JOHN 170811 173762 171006 174051 65
JACK 171209 174304 171434 174437 35
JACK 171457 174557 171650 174668 155
JEREMY 171736 174942 172003 175235 48
JIM 172149 175503 172316 175725 209
JACK 172414 175755 172509 175920 36
JEREMY 172626 176211 172885 176242 233
JEREMY 173057 176480 173255 176616 84
JEREMY 173299 176925 173416 177053 170
JACK 173665 177276 173788 177565 171
JOHN 173871 177720 173951 177801 11
JOHN 174120 177838 174392 178047 22
JOHN 174676 178192 174705 178270 59
JEREMY 174763 178307 174904 178576 46
JACK 175146 178849 175332 178901 126
JACK 175381 179116 175504 179218 144
JIM 175713 179260 176006 179465 56
JACK 176301 179487 176450 179665 49
JACK 176705 179788 176974 180070 327
JIM 177100 180138 177116 180271 23
JACK 177130 180392 177237 180664 265
JEREMY 177405 180970 177532 181034 38
JEREMY 177581 181107 177732 181126 116
JEREMY 177879 181342 177946 181536 177
JEREMY 178131 181684 178276 181883 95
JIM 178423 181905 178519 182150 175
JACK 178662 182343 178828 182456 102
JEREMY 178856 182512 179134 182783 381
JIM 179212 182885 179456 183032 35
JIM 179739 183196 180027 183242 221
JIM 180258 183332 180384 183500 9
JEREMY 180651 183782 180953 184079 345
JEREMY 181176 184114 181263 184237 106
JIM 181313 184348 181548 184579 86
JACK 181854 184650 181963 184804 153
JACK 182018 184951 182247 185234 107
JACK 182553 185339 182718 185586 233
JOHN 182830 185856 182987 186010 128
JEREMY 183050 186149 183108 186384 58
JOHN 183301 186522 183464 186543 72
JEREMY 183517 186841 183640 186868 101
JEREMY 183751 186972 183897 187153 208
JACK 184153 187212 184428 187505 186
JOHN 184654 187814 184736 187967 33
JACK 185044 188105 185196 188336 152
JACK 185409 188584 185584 188824 203
JEREMY 185737 189097 185781 189308 167
JIM 186025 189514 186068 189818 51
JACK 186322 189956 186453 190076 49
JEREMY 186578 190209 186718 190452 167
JEREMY 186763 190501 186893 190513 80
JEREMY 186926 190555 187025 190696 41
JACK 187073 190745 187278 190941 104
JACK 187521 191143 187829 191157 243
JEREMY 187964 191311 188101 191511 152
JEREMY 188404 191531 188575 191686 225
JACK 188712 191803 188917 192095 334
JACK 189205 192217 189462 192432 82
JACK 189621 192732 189704 192968 178
JEREMY 189755 193161 189859 193418 192
JOHN 190127 193647 190434 193942 301
JOHN 190686 193976 190828 194153 85
JACK 191119 194456 191386 194669 257
JIM 191437 194765 191501 195044 140
JIM 191695 195060 191841 195243 216
JEREMY 192145 195463 192317 195541 144
JOHN 192564 195554 192796 195675 133
JOHN 192993 195732 193294 196013 405
JEREMY 193424 196215 193583 196421 40
JIM 193623 196591 193809 196888 337
JIM 194078 197050 194169 197200 162
JACK 194402 197509 194503 197630 44
JACK 194721 197910 194773 198023 108
JEREMY 194820 198209 195101 198291 91
JACK 195320 198596 195485 198788 24
JIM 195608 199023 195773 199227 198
JOHN 195928 199491 195995 199658 51
JEREMY 196230 199745 196367 200020 255
JIM 196620 200063 196655 200289 60
JEREMY 196958 200324 197193 200493 208
JACK 197458 200540 197507 200829 284
JEREMY 197665 201001 197703 201073 28
JACK 197803 201211 197916 201482 21
JEREMY 198093 201667 198308 201822 114
JACK 198457 201903 198652 202200 349
JEREMY 198824 202225 199045 202322 85
JEREMY 199091 202416 199224 202569 119
JEREMY 199255 202690 199299 202928 71
JACK 199492 203024 199741 203154 67
JACK 200044 203339 200109 203626 249
JACK 200253 203848 200535 203952 35
JOHN 200589 204148 200649 204225 60
JOHN 200862 204502 200988 204576 133
JIM 201234 204613 201501 204906 238
JOHN 201664 204928 201902 205138 208
JOHN 202172 205329 202348 205572 152
JOHN 202437 205621 202603 205874 76
JEREMY 202630 205903 202825 206185 98
JIM 202849 206382 203057 206525 96
JOHN 203319 206550 203412 206570 46
JOHN 203680 206818 203949 207040 59
JEREMY 204111 207281 204173 207396 56
JACK 204190 207639 204373 207800 197
JOHN 204595 208081 204844 208185 154
JIM 205057 208208 205291 208396 12
JIM 205508 208486 205702 208734 142
JACK 205864 208969 206001 209068 94
JACK 206149 209266 206350 209568 205
JIM 206627 209870 206777 210094 255
JOHN 207039 210167 207180 210306 32
JIM 207442 210566 207543 210871 143
JACK 207610 210908 207859 211073 231
JEREMY 208138 211254 208229 211321 69
JEREMY 208274 211596 208414 211702 132
JIM 208630 211848 208797 211929 55
JEREMY 209013 212179 209041 212215 7
JIM 209258 212324 209311 212589 206
JEREMY 209554 212897 209614 213017 57
JOHN 209700 213121 209999 213303 97
JEREMY 210219 213451 210405 213555 196
JACK 210710 213814 210895 213988 128
JACK 210923 214247 211063 214542 121
JACK 211133 214637 211304 214880 149
JIM 211382 214960 211518 215187 58
JACK 211786 215453 212016 215646 166
JOHN 212223 215657 212390 215810 16
JACK 212451 215910 212734 216205 24
JEREMY 212824 216378 212908 216512 50
JACK 213099 216779 213205 217023 12
JOHN 213358 217085 213452 217235 151
JEREMY 213719 217471 213861 217779 216
JEREMY 214084 217802 214179 217841 95
JEREMY 214461 217916 214665 218169 93
JEREMY 214956 218472 215097 218779 122
JOHN 215239 218961 215259 219005 25
JIM 215357 219300 215571 219494 129
JIM 215871 219532 216059 219837 5
JOHN 216120 220056 216395 220190 71
JOHN 216482 220216 216717 220490 34
JIM 216775 220514 217001 220552 226
JOHN 217179 220697 217232 220731 50
JACK 217332 220825 217537 221101 46
JIM 217737 221304 217802 221463 129
JACK 217865 221568 217901 221699 86
JOHN 218046 221750 218319 222033 242
JOHN 218424 222107 218524 222260 88
JACK 218693 222460 218915 222642 178
JACK 219082 222663 219160 222771 18
JACK 219240 222806 219372 223028 97
JEREMY 219605 223327 219664 223447 111
JIM 219696 223552 219860 223666 160
JIM 219905 223834 220042 224119 238
JEREMY 220281 224405 220546 224612 236
JIM 220650 224918 220785 224953 113
JACK 220850 225027 220912 225180 133
JOHN 221113 225282 221163 225379 58
JEREMY 221414 225610 221663 225821 237
JIM 221761 226125 221784 226135 19
JACK 221859 226147 222113 226318 28
JOHN 222391 226610 222441 226646 53
JEREMY 222505 226860 222583 227089 132
JEREMY 222644 227343 222740 227650 149
JACK 222814 227708 222957 227738 52
JACK 223030 227749 223112 227837 10
JOHN 223258 228100 223464 228345 161
JIM 223717 228415 223980 228522 132
JEREMY 224260 228690 224312 228828 18
JACK 224407 229050 224707 229288 220
JOHN 224809 229486 225112 229753 107
JEREMY 225232 229792 225435 230077 168
JEREMY 225572 230090 225667 230238 23
JEREMY 225922 230376 226142 230436 111
JACK 226213 230525 226398 230768 230
JEREMY 226474 230884 226578 231105 237
JOHN 226625 231226 226644 231411 46
JEREMY 226654 231542 226890 231770 50
JOHN 227019 231800 227058 232017 118
JIM 227270 232261 227522 232521 351
JACK 227825 232662 228045 232833 65
JEREMY 228320 233042 228586 233100 169
JOHN 228788 233132 228958 233293 203
JOHN 229182 233338 229323 233570 117
JACK 229618 233743 229653 233801 53
JEREMY 229846 233900 229915 234124 96
JOHN 230015 234386 230280 234641 47
JIM 230417 234876 230717 235145 215
JEREMY 230955 235276 231078 235451 96
JOHN 231167 235612 231440 235753 66
JOHN 231473 235842 231529 236076 140
JOHN 231704 236301 231869 236561 266
JACK 232056 236697 232111 236872 167
JACK 232420 237096 232680 237276 59
JIM 232812 237309 232935 237576 15
JACK 233098 237878 233296 237922 198
JACK 233351 238068 233653 238351 368
JEREMY 233707 238467 233717 238682 182
JEREMY 233867 238729 234164 238991 323
JIM 234286 239059 234378 239095 26
JEREMY 234613 239148 234662 239451 159
JACK 234718 239666 234952 239895 159
JACK 235234 240114 235263 240193 68
JIM 235363 240408 235641 240653 222
JIM 235681 240907 235922 241089 168
JEREMY 236067 241196 236095 241298 51
JEREMY 236321 241527 236433 241579 87
JEREMY 236487 241880 236597 242067 45
JOHN 236801 242364 237017 242503 32
JACK 237295 242629 237397 242844 103
JACK 237678 242918 237903 243074 140
JEREMY 238040 243279 238078 243406 13
JOHN 238296 243651 238484 243883 248
JOHN 238655 243966 238886 244065 117
JOHN 239089 244368 239370 244513 246
JOHN 239432 244648 239701 244697 68
JOHN 239947 244944 240066 245074 11
JACK 240224 245204 240427 245294 104
JIM 240656 245593 240942 245812 207
JACK 241023 246069 241252 246192 69
JOHN 241491 246215 241725 246248 207
JIM 241773 246543 242038 246794 317
JEREMY 242244 246818 242324 247065 172
JACK 242370 247267 242381 247401 94
JOHN 242525 247706 242759 247736 173
JOHN 242788 247854 243040 248136 94
JIM 243071 248217 243086 248492 153
JOHN 243361 248673 243455 248735 66
JIM 243536 248772 243562 249040 151
JIM 243746 249234 243993 249256 41
JIM 244262 249456 244561 249469 66
JOHN 244613 249627 244650 249720 60
JEREMY 244918 249865 245203 250130 22
JACK 245448 250143 245583 250445 111
JEREMY 245794 250553 245921 250569 74
JEREMY 245936 250703 246040 250776 23
JIM 246156 250945 246266 251081 31
JACK 246405 251246 246621 251360 56
JEREMY 246834 251546 247014 251766 158
JEREMY 247264 251979 247340 252021 81
JEREMY 247373 252053 247539 252205 54
JIM 247605 252436 247621 252661 65
JIM 247633 252923 247769 252964 10
JOHN 247946 253226 248146 253278 66
JOHN 248333 253429 248463 253446 40
JOHN 248493 253680 248553 253879 67
JEREMY 248585 254113 248785 254148 195
JEREMY 248922 254244 248955 254295 56
JEREMY 249258 254399 249560 254452 131
JIM 249851 254572 250141 254619 133
JACK 250433 254719 250683 254849 249
JEREMY 250909 254895 251049 255032 125
JOHN 251111 255274 251167 255500 215
JIM 251411 255517 251497 255630 118
JEREMY 251780 255765 252008 255998 233
JACK 252167 256188 252383 256429 7
JOHN 252629 256599 252677 256804 164
JACK 252774 256990 252855 257006 19
JACK 253105 257288 253121 257317 8
JEREMY 253347 257493 253584 257698 104
JACK 253788 257829 253837 258085 217
JEREMY 254039 258207 254229 258254 28
JOHN 254440 258363 254730 258425 211
JIM 254987 258692 255003 258959 158
JEREMY 255124 259174 255199 259324 83
JEREMY 255401 259446 255581 259680 264
JIM 255679 259801 255713 259812 17
JEREMY 255989 259909 256186 260039 200
JOHN 256284 260286 256508 260475 154
JOHN 256693 260703 256975 260767 272
JEREMY 257198 260798 257338 260871 93
JACK 257459 261176 257751 261345 115
JIM 258051 261583 258210 261756 87
JIM 258344 261774 258527 262032 24
JACK 258653 262123 258699 262179 49
JOHN 258913 262338 259150 262447 207
JOHN 259374 262591 259564 262624 52
JACK 259826 262863 259981 262976 157
JIM 260088 263234 260366 263440 78
JACK 260381 263709 260490 263814 79
JOHN 260707 263913 260902 264009 80
JACK 261063 264252 261312 264538 67
JEREMY 261535 264800 261622 265014 140
JEREMY 261784 265273 261987 265549 252
JOHN 262117 265857 262284 266048 27
JIM 262508 266334 262772 266374 110
JIM 263038 266621 263054 266806 23
JEREMY 263141 266872 263321 267001 148
JACK 263471 267234 263550 267298 69
JEREMY 263816 267385 264035 267561 27
JACK 264062 267828 264274 267925 35
JIM 264516 267936 264712 268096 151
JEREMY 264748 268303 265027 268439 291
JIM 265155 268543 265388 268557 189
JIM 265532 268596 265549 268772 102
JEREMY 265709 268912 265980 269174 17
JEREMY 266119 269434 266334 269740 47
JEREMY 266493 269767 266667 269828 174
JEREMY 266719 269860 266999 269944 236
JACK 267150 270124 267356 270140 56
JACK 267460 270192 267689 270286 102
JEREMY 267984 270496 268008 270741 104
JEREMY 268088 270815 268172 271103 63
JOHN 268241 271340 268456 271417 136
JEREMY 268688 271664 268933 271830 146
JIM 269040 272004 269116 272141 119
JACK 269399 272230 269696 272370 24
JOHN 269813 272474 269942 272560 136
JIM 270061 272631 270321 272836 172
JACK 270499 272886 270746 273076 149
JEREMY 270820 273222 270833 273277 48
JIM 271140 273307 271319 273419 28
JIM 271467 273576 271562 273678 68
JEREMY 271600 273781 271666 274061 63
JEREMY 271843 274182 271990 274445 177
JEREMY 272214 274524 272411 274632 196
JEREMY 272686 274736 272991 274864 251
JOHN 273059 274932 273226 275195 17
JEREMY 273298 275330 273314 275628 76
JACK 273450 275846 273725 275895 273
JACK 273955 275970 274228 276241 102
JEREMY 274322 276387 274588 276653 221
JOHN 274792 276670 274921 276952 21
JOHN 274962 277061 275240 277197 65
JOHN 275265 277307 275487 277434 186
JOHN 275773 277454 276067 277498 259
JIM 276147 277684 276167 277944 126
JACK 276356 278140 276441 278269 79
JOHN 276468 278304 276577 278315 35
JIM 276766 278470 276816 278768 299
JEREMY 276993 278835 277240 278906 171
JOHN 277440 279000 277469 279082 75
JEREMY 277657 279374 277905 279388 69
JIM 278158 279425 278186 279626 63
JEREMY 278434 279642 278690 279818 124
JIM 278890 279915 278968 280196 47
JACK 279101 280478 279315 280596 96
JIM 279502 280768 279644 281047 104
JOHN 279895 281182 280059 281340 75
JOHN 280342 281596 280603 281721 187
JIM 280730 281910 280998 282210 241
JOHN 281216 282388 281256 282425 33
JEREMY 281472 282464 281492 282754 264
JIM 281649 283036 281717 283164 6
JOHN 281893 283398 281981 283454 6
JEREMY 282116 283620 282284 283797 103
JIM 282378 283965 282546 284035 25
JOHN 282638 284142 282744 284226 114
JACK 282777 284269 283010 284545 89
JIM 283298 284577 283498 284609 100
JOHN 283744 284658 283764 284708 10
JACK 283876 284957 284001 285010 119
JIM 284057 285025 284242 285281 241
JIM 284512 285332 284619 285591 41
JEREMY 284871 285702 285021 285822 144
JEREMY 285062 286085 285284 286361 241
JOHN 285564 286560 285799 286767 254
JACK 286075 287028 286190 287133 36
JACK 286462 287390 286581 287676 35
JOHN 286605 287828 286835 288105 315
JACK 286911 288398 287149 288569 243
JIM 287379 288749 287505 288839 15
JOHN 287515 288985 287765 289100 65
JACK 288008 289272 288024 289572 248
JEREMY 288164 289790 288208 289996 19
JACK 288475 290297 288544 290461 38
JIM 288751 290489 288811 290527 44
JIM 289003 290675 289051 290761 13
JACK 289070 290796 289087 290914 54
JACK 289111 291105 289404 291128 11
JACK 289650 291181 289737 291470 262
JIM 290040 291586 290263 291821 215
JOHN 290551 291831 290814 292130 321
JOHN 291053 292330 291220 292473 124
JACK 291305 292589 291341 292896 204
JOHN 291443 293162 291576 293458 214
JACK 291822 293499 291977 293781 8
JOHN 292186 293970 292225 294262 171
JEREMY 292411 294338 292576 294477 24
JACK 292799 294756 292953 294905 86
JOHN 293069 295029 293220 295301 45
JOHN 293465 295482 293566 295626 21
JOHN 293857 295848 293909 296122 54
JACK 293967 296274 294181 296437 148
JACK 294211 296611 294454 296813 306
JEREMY 294685 297018 294889 297069 146
JACK 294936 297123 294947 297428 196
JACK 295123 297625 295265 297691 24
JACK 295328 297946 295482 298095 127
JEREMY 295516 298111 295634 298387 82
JACK 295752 298644 295914 298689 66
JIM 296064 298901 296182 299066 79
JOHN 296244 299356 296436 299650 41
JOHN 296504 299937 296572 300097 136
JOHN 296618 300351 296675 300623 172
JIM 296795 300784 296808 300976 108
JACK 296870 301042 296973 301328 130
JIM 297018 301539 297129 301580 48
JACK 297222 301840 297514 301914 109
JEREMY 297557 301988 297786 302284 246
JIM 297804 302503 297866 302596 95
JIM 298022 302697 298247 302724 117
JIM 298404 302881 298522 303095 200
JIM 298559 303226 298572 303497 178
JEREMY 298762 303575 298841 303673 89
JIM 298900 303713 298994 303925 55
JIM 299139 304136 299202 304153 50
JACK 299230 304275 299306 304356 103
JOHN 299458 304591 299655 304622 70
JACK 299774 304653 299946 304675 119
JACK 300019 304908 300177 305094 93
JIM 300380 305336 300505 305487 47
JEREMY 300638 305711 300921 305915 311
JACK 301150 305995 301322 306253 168
JACK 301433 306382 301549 306455 70
JEREMY 301630 306645 301921 306710 18
JOHN 302159 306950 302326 307181 188
JIM 302594 307474 302776 307608 66
JEREMY 302945 307654 302981 307904 146
JACK 303114 308022 303415 308289 356
JIM 303551 308539 303775 308559 27
JEREMY 303852 308627 304078 308785 101
JIM 304174 308870 304416 309172 234
JEREMY 304589 309427 304646 309574 42
JOHN 304943 309775 305232 309852 271
JIM 305273 310007 305428 310180 57
JOHN 305724 310475 305896 310767 300
JEREMY 306144 310893 306226 310913 29
JACK 306415 311035 306532 311268 27
JOHN 306664 311575 306754 311715 111
JEREMY 307049 312008 307182 312219 182
JIM 307390 312508 307507 312778 188
JOHN 307525 312896 307686 313052 28
JOHN 307751 313263 307829 313379 110
JACK 307939 313436 308204 313625 52
JEREMY 308461 313855 308514 314010 24
JACK 308723 314038 308821 314298 22
JACK 309057 314331 309111 314558 180
JOHN 309127 314839 309425 314927 216
JACK 309578 314992 309593 315178 75
JACK 309609 315485 309905 315705 30
JEREMY 310021 315915 310130 315969 87
JACK 310373 316027 310625 316093 30
JEREMY 310739 316274 310823 316335 80
JOHN 311045 316514 311174 316749 243
JEREMY 311428 316909 311724 317200 322
JACK 311742 317300 311771 317501 94
JEREMY 311950 317742 311992 317933 192
JOHN 312259 318057 312312 318265 15
JIM 312485 318432 312619 318719 88
JACK 312685 318997 312698 319099 95
JEREMY 312786 319162 312906 319464 91
JEREMY 313140 319503 313200 319657 39
JIM 313276 319715 313515 319730 203
JEREMY 313744 319837 313757 320013 122
JOHN 314024 320124 314115 320212 83
JACK 314412 320363 314676 320615 248
JEREMY 314755 320628 315014 320741 146
JEREMY 315104 320926 315372 321103 229
JOHN 315553 321266 315587 321366 88
JOHN 315724 321658 315808 321886 55
JIM 315819 322018 316018 322157 30
JACK 316285 322303 316374 322449 12
JOHN 316545 322467 316845 322576 149
JOHN 317037 322688 317099 322803 107
JIM 317273 322835 317369 322896 11
JEREMY 317492 323089 317508 323390 129
JOHN 317647 323483 317828 323667 201
JACK 318078 323815 318252 324057 213
JACK 318532 324188 318612 324393 133
JEREMY 318918 324518 319076 324568 102
JIM 319339 324800 319448 324964 100
JEREMY 319489 325215 319787 325348 160
JOHN 320065 325483 320081 325752 74
JACK 320298 326004 320335 326124 82
JOHN 320553 326252 320606 326268 34
JEREMY 320811 326568 320920 326606 33
JEREMY 321026 326629 321206 326912 309
JACK 321414 327023 321499 327330 281
JEREMY 321787 327428 322020 327719 309
JEREMY 322089 327966 322114 327987 23
JACK 322176 328113 322423 328239 122
JIM 322585 328382 322788 328449 156
JACK 322961 328720 323242 328741 264
JIM 323275 328832 323409 329092 26
JACK 323651 329205 323936 329511 126
JACK 324145 329627 324434 329755 262
JOHN 324592 330016 324769 330299 50
JOHN 324779 330454 325043 330592 127
JACK 325352 330876 325364 330951 36
JEREMY 325571 331094 325758 331393 329
JACK 325979 331484 326184 331701 101
JIM 326446 331845 326583 332032 57
JOHN 326788 332167 326916 332423 54
JEREMY 327127 332455 327153 332701 200
JACK 327261 332889 327343 333173 81
JEREMY 327469 333229 327623 333482 15
JIM 327710 333632 327857 333932 69
JEREMY 327944 333947 328016 333962 30
JIM 328147 334065 328383 334102 137
JIM 328538 334265 328679 334484 185
JIM 328784 334692 328843 334810 12
JACK 329015 334875 329037 334935 25
JOHN 329205 335017 329467 335060 33
JEREMY 329729 335288 329847 335569 302
JACK 330059 335758 330166 335825 30
JEREMY 330440 336107 330478 336218 97
JIM 330671 336488 330789 336508 18
JACK 331034 336748 331086 336944 11
JOHN 331305 337150 331519 337395 261
JOHN 331696 337582 331930 337732 24
JOHN 332056 337836 332155 337874 57
JOHN 332271 337934 332411 338127 15
JIM 332570 338166 332839 338331 220
JOHN 333140 338528 333424 338830 43
JIM 333660 339030 333877 339279 300
JEREMY 334178 339392 334464 339673 367
JIM 334637 339800 334766 339860 81
JEREMY 334938 340051 335123 340197 194
JACK 335363 340392 335604 340690 88
JACK 335857 340864 335932 341084 160
JEREMY 336227 341149 336457 341369 144
JACK 336613 341575 336772 341810 181
JACK 336859 342045 336986 342352 131
JIM 337154 342511 337407 342584 249
JACK 337615 342648 337694 342719 13
JIM 337796 342813 337979 343070 300
JIM 338015 343291 338210 343444 9
JEREMY 338232 343471 338459 343734 326
JOHN 338575 343995 338591 344132 40
JEREMY 338601 344309 338872 344324 65
JEREMY 339105 344581 339267 344724 138
JOHN 339497 344793 339703 344881 165
JACK 339765 345099 339860 345296 16
JACK 340032 345430 340078 345615 107
JIM 340289 345783 340323 345809 17
JEREMY 340560 346022 340824 346063 150
JACK 340990 346352 341222 346499 27
JACK 341471 346668 341615 346820 25
JOHN 341901 346844 341931 347096 41
JIM 342157 347366 342217 347524 114
JACK 342409 347760 342595 347914 150
JIM 342728 348214 342931 348373 67
JOHN 343009 348642 343025 348921 175
JOHN 343165 349137 343325 349329 10
JEREMY 343557 349570 343677 349756 212
JIM 343765 349995 343811 350065 54
JEREMY 344041 350336 344174 350517 82
JOHN 344312 350736 344432 350958 18
JIM 344684 351176 344913 351357 134
JEREMY 345071 351631 345304 351900 161
JACK 345596 351997 345793 352306 107
JIM 346017 352434 346145 352608 153
JACK 346427 352712 346500 352800 40
JEREMY 346723 353089 346845 353146 69
JACK 347140 353329 347425 353535 53
JIM 347525 353572 347775 353875 69
JACK 347942 354161 348185 354430 93
JACK 348333 354624 348497 354908 142
JOHN 348698 355210 348774 355463 162
JEREMY 349021 355643 349288 355884 350
JEREMY 349425 355902 349722 356052 254
JACK 349930 356063 350153 356279 155
JACK 350275 356409 350462 356583 253
JACK 350487 356669 350656 356730 56
JOHN 350831 356772 351063 356843 127
JEREMY 351123 357090 351145 357133 41
JIM 351345 357191 351390 357285 55
JEREMY 351647 357417 351715 357597 43
JEREMY 351884 357788 352118 357894 25
JOHN 352162 358079 352344 358146 87
JIM 352477 358215 352614 358368 151
JOHN 352750 358496 352973 358612 181
JACK 353214 358815 353320 358904 4
JOHN 353361 358954 353513 359235 13
JACK 353618 359504 353630 359716 87
JOHN 353828 359783 354027 359811 23
JEREMY 354128 359992 354208 360277 77
JACK 354401 360387 354657 360539 66
JIM 354958 360718 355030 360828 49
JOHN 355186 361078 355226 361220 55
JEREMY 355401 361406 355492 361642 161
JACK 355551 361943 355856 361953 204
JOHN 355866 362212 356082 362446 281
JIM 356095 362478 356307 362753 307
JOHN 356519 362902 356665 363024 39
JACK 356910 363057 357028 363093 76
JIM 357201 363355 357342 363500 42
JEREMY 357618 363574 357768 363614 90
JEREMY 357998 363676 358225 363898 181
JACK 358326 364059 358523 364145 198
JOHN 358620 364247 358643 364398 93
JIM 358796 364570 358824 364676 86
JEREMY 359127 364921 359347 365121 20
JIM 359424 365259 359467 365338 6
JOHN 359483 365454 359526 365739 263
JEREMY 359556 366012 359763 366309 43
JACK 359911 366328 359961 366459 63
JEREMY 360076 366608 360282 366915 95
JOHN 360577 366998 360853 367125 274
JOHN 361024 367407 361051 367686 218
JEREMY 361306 367956 361563 368152 219
JEREMY 361841 368381 362105 368612 275
JIM 362239 368866 362546 368960 158
JIM 362713 369023 362725 369160 14
JACK 362831 369348 363086 369532 269
JIM 363277 369576 363458 369629 73
JEREMY 363471 369786 363590 369848 70
JACK 363786 370000 363934 370023 69
JIM 364201 370326 364318 370441 138
JOHN 364348 370578 364521 370762 76
JOHN 364576 370999 364633 371094 14
JEREMY 364672 371239 364954 371333 253
JACK 364988 371369 365229 371419 174
JEREMY 365477 371685 365678 371966 251
JEREMY 365984 372162 366054 372236 27
JACK 366141 372467 366330 372711 82
JEREMY 366608 372766 366675 373029 41
JIM 366894 373310 367180 373584 42
JOHN 367221 373789 367306 374021 9
JEREMY 367512 374174 367732 374339 271
JOHN 367898 374383 368207 374449 220
JEREMY 368332 374667 368578 374832 98
JACK 368661 374954 368827 375223 172
JIM 368943 375358 369195 375429 41
JOHN 369451 375491 369603 375613 70
JOHN 369668 375879 369823 375986 168
JOHN 369904 376154 370127 376231 181
JEREMY 370315 376393 370525 376674 28
JOHN 370591 376780 370748 376843 113
JEREMY 370849 377115 371079 377387 122
JACK 371243 377571 371400 377591 71
JACK 371417 377689 371584 377807 75
JACK 371814 377922 371847 377970 42
JEREMY 371978 378160 372132 378241 125
JIM 372433 378444 372617 378640 12
JIM 372796 378766 372855 378928 136
JEREMY 373011 378950 373093 379142 129
JEREMY 373282 379189 373580 379228 160
JACK 373708 379457 373761 379645 62
JACK 373801 379821 374008 379854 189
JOHN 374280 380160 374400 380260 85
JEREMY 374586 380373 374777 380598 203
JACK 374836 380826 374930 381135 66
JACK 375082 381261 375189 381411 174
JIM 375395 381535 375540 381801 58
JIM 375803 382068 375900 382121 36
JACK 376116 382366 376351 382406 74
JACK 376373 382563 376677 382688 290
JEREMY 376714 382986 376924 383288 125
JEREMY 377015 383495 377049 383759 93
JOHN 377168 384062 377296 384287 181
JEREMY 377437 384373 377509 384631 147
JEREMY 377526 384898 377671 384910 118
JEREMY 377719 385113 377758 385302 66
JIM 378032 385388 378128 385675 300
JOHN 378304 385907 378478 386182 15
JACK 378564 386442 378617 386500 31
JACK 378886 386678 379161 386811 76
JIM 379417 386976 379538 387193 47
JOHN 379593 387336 379637 387349 10
JOHN 379676 387555 379981 387835 39
JIM 380003 388086 380241 388269 134
JEREMY 380432 388354 380602 388548 236
JEREMY 380878 388585 381176 388869 346
JACK 381204 388990 381466 389145 246
JIM 381753 389345 381973 389557 153
JIM 382220 389744 382464 389975 119
JEREMY 382532 390150 382816 390164 108
JIM 382841 390394 382919 390522 78
JACK 382957 390560 382969 390679 108
JOHN 383062 390936 383157 391059 87
JIM 383222 391282 383414 391346 123
JIM 383628 391405 383759 391465 88
JOHN 384020 391735 384206 392031 171
JIM 384299 392109 384481 392345 191
JOHN 384655 392426 384880 392548 137
JACK 384893 392697 385171 392954 298
JEREMY 385273 393002 385538 393213 111
JIM 385807 393414 386054 393424 73
JOHN 386220 393517 386330 393630 135
JIM 386454 393902 386500 394147 74
JACK 386763 394220 387025 394320 243
JEREMY 387157 394334 387186 394364 7
JIM 387307 394647 387497 394878 198
JIM 387801 395006 387986 395246 99
JACK 388133 395454 388394 395722 134
JEREMY 388690 395983 388943 396198 222
JIM 389032 396406 389186 396649 204
JACK 389398 396664 389417 396941 153
JEREMY 389544 396988 389559 397017 28
JOHN 389848 397186 389919 397460 231
JACK 389970 397722 390085 397894 175
JEREMY 390310 397975 390429 398104 121
JEREMY 390451 398315 390714 398599 330
JEREMY 390923 398620 391101 398808 39
JIM 391382 398990 391600 399128 156
JACK 391647 399234 391820 399350 180
JIM 391847 399568 391885 399785 187
JIM 392007 399856 392175 399906 87
JOHN 392338 400092 392437 400267 36
JIM 392544 400539 392590 400781 6
JIM 392844 400923 392961 401023 143
JACK 393185 401051 393228 401218 42
JACK 393450 401470 393533 401715 138
JOHN 393725 401940 393937 402034 127
JIM 394072 402153 394096 402462 152
JACK 394329 402674 394563 402766 247
JOHN 394691 402818 394749 403015 101
JIM 394850 403031 394950 403198 153
JIM 395178 403220 395312 403346 124
JACK 395335 403631 395525 403812 121
JIM 395676 403976 395978 404088 219
JIM 396221 404207 396320 404444 202
JIM 396414 404455 396461 404485 52
JACK 396639 404752 396901 405007 266
JACK 397111 405181 397297 405419 175
JACK 397321 405673 397547 405761 53
JIM 397663 405852 397757 405939 81
JEREMY 397889 406115 398126 406326 249
JIM 398186 406385 398307 406424 44
JIM 398605 406513 398899 406639 201
JOHN 399188 406708 399487 406790 93
JACK 399635 407010 399790 407030 24
JEREMY 400031 407277 400328 407360 275
JOHN 400570 407420 400656 407516 17
JOHN 400906 407819 401213 407981 304
JIM 401246 408006 401403 408293 194
JIM 401634 408444 401715 408580 123
JACK 401845 408819 401977 408867 65
JACK 402282 409135 402298 409299 116
JOHN 402522 409502 402644 409780 31
JACK 402910 409833 403066 409947 44
JEREMY 403170 410050 403426 410136 20
JEREMY 403463 410187 403674 410377 197
JOHN 403695 410592 403814 410891 287
JIM 403999 410935 404055 411014 11
JEREMY 404329 411184 404435 411322 87
JEREMY 404620 411435 404906 411606 14
JOHN 405213 411679 405437 411983 271
JEREMY 405585 412000 405818 412091 165
JOHN 406023 412108 406330 412159 8
JACK 406482 412448 406673 412648 81
JIM 406829 412853 406854 413053 199
JOHN 406975 413111 407155 413139 43
JEREMY 407261 413234 407286 413495 95
JACK 407562 413625 407761 413895 235
JIM 407780 414100 407794 414185 49
JOHN 408098 414328 408211 414574 188
JIM 408303 414820 408444 415098 176
JOHN 408645 415128 408853 415249 231
JEREMY 409012 415416 409184 415491 84
JOHN 409395 415611 409616 415849 234
JEREMY 409856 415901 410047 416179 19
JEREMY 410285 416258 410385 416539 18
JOHN 410406 416575 410425 416857 38
JIM 410672 416885 410953 417079 154
JACK 411129 417221 411426 417366 83
JIM 411706 417486 411894 417512 160
JIM 412116 417596 412299 417835 67
JIM 412341 417848 412623 418065 248
JACK 412748 418100 412825 418307 5
JEREMY 413052 418403 413123 418655 87
JACK 413274 418785 413538 418987 157
JIM 413809 419140 413889 419286 7
JOHN 414091 419382 414222 419607 236
JACK 414261 419883 414326 420106 110
JEREMY 414583 420287 414637 420427 111
JACK 414739 420497 414799 420637 70
JOHN 415079 420884 415152 420906 38
JIM 415165 421162 415466 421368 339
JOHN 415589 421415 415666 421459 39
JACK 415803 421575 416029 421789 240
JIM 416189 421948 416373 422234 96
JIM 416434 422454 416505 422656 73
JACK 416536 422912 416638 423056 8
JOHN 416671 423254 416711 423309 62
JOHN 416760 423398 416796 423477 33
JEREMY 416877 423595 416952 423786 80
JACK 417126 423812 417412 423968 193
JACK 417707 424203 417748 424252 21
JOHN 417884 424336 418036 424602 159
JOHN 418053 424663 418163 424939 44
JACK 418194 425012 418433 425160 215
JEREMY 418469 425459 418709 425732 109
JIM 418943 425856 418979 425969 96
JACK 419065 426091 419285 426397 144
JEREMY 419434 426647 419548 426768 69
JIM 419779 426994 419850 427274 22
JEREMY 420060 427435 420086 427628 64
JEREMY 420208 427838 420301 428114 116
JOHN 420435 428174 420583 428433 245
JEREMY 420661 428668 420806 428938 17
JIM 421106 429178 421305 429298 80
JIM 421501 429566 421530 429636 25
JOHN 421631 429708 421675 429799 26
JACK 421756 429984 422041 430061 5
JEREMY 422229 430135 422356 430406 261
JACK 422481 430472 422588 430733 45
JIM 422854 431000 422905 431045 5
JEREMY 422944 431108 423017 431209 90
JEREMY 423199 431488 423476 431676 181
JOHN 423728 431919 423979 431999 209
JIM 424021 432194 424211 432288 10
JOHN 424498 432550 424727 432590 162
JEREMY 424927 432817 425204 433048 38
JACK 425368 433168 425592 433455 318
JEREMY 425604 433666 425715 433795 100
JACK 425808 433848 425934 433993 165
JEREMY 426034 434050 426090 434157 99
JIM 426328 434363 426532 434669 167
JIM 426819 434799 427127 434899 204
JOHN 427391 435109 427495 435337 24
JIM 427667 435572 427964 435673 257
JEREMY 428132 435794 428188 435987 194
JACK 428361 436038 428669 436124 309
JACK 428771 436178 428999 436401 298
JOHN 429295 436624 429306 436802 55
JACK 429327 436952 429432 437140 211
JOHN 429646 437401 429870 437462 144
JEREMY 430081 437478 430192 437519 6
JACK 430248 437792 430436 438012 203
JEREMY 430486 438268 430524 438367 82
JEREMY 430736 438477 430868 438705 119
JEREMY 431095 438724 431185 438802 20
JACK 431201 439012 431403 439096 25
JACK 431611 439317 431739 439439 101
JACK 431876 439698 431904 439819 37
JACK 432004 439922 432049 440113 81
JEREMY 432299 440227 432312 440399 40
JOHN 432525 440615 432642 440759 97
JEREMY 432739 441000 433004 441095 233
JACK 433245 441354 433446 441563 65
JIM 433590 441739 433636 441931 96
JIM 433699 441970 433821 442209 253
JIM 433895 442481 433949 442581 93
JIM 434084 442804 434302 442909 155
JACK 434482 442989 434658 443265 298
JOHN 434708 443298 434749 443415 53
JEREMY 434848 443488 435071 443542 77
JOHN 435114 443808 435260 443972 100
JEREMY 435327 444083 435501 444321 240
JACK 435618 444436 435643 444566 128
JIM 435733 444864 435951 444972 36
JOHN 436052 445096 436092 445135 12
JEREMY 436340 445179 436355 445430 209
JIM 436557 445720 436599 445983 260
JACK 436853 446287 437066 446355 46
JOHN 437139 446446 437278 446632 38
JOHN 437433 446750 437552 446904 50
JOHN 437675 446954 437829 447094 197
JACK 438111 447285 438153 447378 21
JOHN 438174 447658 438235 447789 141
JEREMY 438409 448081 438700 448311 99
JACK 438990 448390 439109 448570 95
JOHN 439169 448603 439348 448717 65
JIM 439609 448787 439698 449049 207
JOHN 439969 449188 440083 449411 218
JOHN 440209 449537 440508 449804 237
JEREMY 440627 450081 440814 450145 97
JEREMY 440998 450329 441173 450607 73
JACK 441410 450755 441561 451018 172
JEREMY 441866 451229 442153 451502 72
JACK 442440 451800 442621 451850 44
JACK 442794 452095 442857 452168 44
JOHN 443068 452258 443308 452397 263
JIM 443369 452496 443458 452611 101
JEREMY 443699 452638 443935 452744 19
JACK 443982 452975 444127 453169 23
JIM 444140 453308 444195 453578 247
JOHN 444314 453592 444600 453788 75
JACK 444772 454052 444842 454304 238
JIM 445015 454350 445255 454644 54
JEREMY 445434 454730 445446 454962 47
JACK 445530 455051 445716 455107 102
JEREMY 445903 455325 446005 455570 100
JEREMY 446041 455778 446108 456067 281
JIM 446328 456181 446474 456272 35
JACK 446605 456540 446681 456635 107
JOHN 446930 456648 447022 456803 9
JOHN 447159 457110 447399 457249 227
JACK 447440 457413 447695 457702 293
JEREMY 447735 457980 447994 458261 165
JIM 448173 458358 448439 458484 182
JEREMY 448599 458523 448837 458799 292
JEREMY 448949 458903 448981 459077 132
JACK 449066 459260 449354 459466 166
JEREMY 449468 459693 449662 459741 157
JIM 449690 459956 449901 459970 6
JIM 450004 460098 450271 460158 187
JEREMY 450484 460378 450662 460644 70
JACK 450754 460679 451044 460962 153
JOHN 451141 460993 451359 461269 165
JACK 451466 461504 451477 461641 101
JOHN 451541 461860 451686 462040 30
JIM 451773 462123 451941 462252 174
JACK 452130 462334 452393 462363 86
JOHN 452614 462526 452642 462583 25
JOHN 452792 462659 453032 462901 116
JIM 453217 463188 453459 463485 173
JEREMY 453760 463606 453895 463677 81
JEREMY 454100 463801 454284 464093 199
JOHN 454544 464317 454696 464490 22
JIM 454751 464783 454847 464873 96
JACK 455124 464998 455197 465209 128
JIM 455344 465459 455564 465480 123
JACK 455765 465639 455832 465659 63
JEREMY 455946 465833 456200 466011 259
JOHN 456292 466189 456448 466395 39
JIM 456557 466605 456699 466748 151
JOHN 456826 466894 456876 466967 62
JOHN 457054 467013 457201 467248 13
JIM 457407 467333 457430 467426 16
JIM 457498 467657 457751 467951 61
JEREMY 457828 467967 457960 468207 90
JACK 458115 468229 458420 468401 131
JOHN 458688 468449 458912 468685 275
JEREMY 459167 468914 459276 469158 257
JEREMY 459415 469441 459676 469603 240
JOHN 459815 469847 460071 470018 20
JACK 460372 470209 460678 470406 24
JOHN 460832 470618 460965 470669 64
JOHN 461027 470803 461252 471101 98
JACK 461442 471185 461705 471387 235
JOHN 461845 471660 461930 471857 141
JACK 462159 472161 462238 472334 133
JIM 462496 472489 462731 472618 159
JOHN 463032 472741 463222 472830 56
JIM 463317 472848 463618 473052 191
JEREMY 463778 473089 464014 473151 190
JEREMY 464124 473401 464303 473583 50
JIM 464415 473677 464482 473978 183
JEREMY 464681 474003 464723 474039 6
JOHN 464897 474134 464947 474246 10
JACK 465039 474473 465304 474569 156
JEREMY 465333 474740 465414 474946 144
JIM 465460 475164 465695 475276 155
JACK 465833 475529 465946 475701 120
JIM 466212 475767 466256 476076 176
JACK 466496 476129 466525 476257 28
JEREMY 466742 476397 466857 476445 76
JACK 467102 476525 467289 476813 96
JEREMY 467356 476965 467441 477093 116
JOHN 467649 477355 467806 477382 13
JACK 467826 477536 467862 477558 13
JOHN 468145 477806 468218 477943 98
JACK 468414 477965 468687 478026 194
JACK 468916 478149 469016 478311 173
JEREMY 469134 478403 469167 478700 135
JIM 469204 478912 469356 479090 144
JACK 469629 479174 469828 479378 31
JIM 470093 479559 470225 479841 278
JOHN 470407 480086 470475 480302 30
JIM 470677 480359 470761 480441 94
JOHN 470775 480498 470987 480683 277
JACK 471190 480740 471453 481015 64
JIM 471588 481053 471813 481235 208
JOHN 472073 481326 472270 481610 162