56 0 300
1554
1 12 46 1679
2 20 29 2271
3 25 17 1365
4 29 17 692
5 33 24 1274
6 44 4 502
7 45 0 2187
8 52 2 609
9 54 3 1493
10 63 13 1648
11 65 30 2352
12 73 46 843
13 82 23 1893
14 93 27 856
15 105 8 896
16 110 0 1108
17 123 0 718
18 131 0 2955
19 146 20 2120
20 149 40 1106
21 163 27 1504
22 170 28 1645
23 172 27 1863
24 173 49 333
25 180 68 145
26 186 48 750
27 201 60 673
28 204 36 1329
29 219 16 2549
30 234 25 2700
31 241 15 261
32 245 16 2403
33 259 23 1906
34 265 4 2294
35 271 0 1135
36 281 15 650
37 291 16 2280
38 299 30 2379
39 311 23 2184
40 315 39 565
41 318 26 429
42 328 46 669
43 339 66 913
44 354 78 1220
45 365 88 758
46 377 84 1654
47 382 86 2688
48 386 107 1053
49 394 106 665
50 403 100 2156
51 417 87 466
52 426 84 356
53 432 65 471
54 433 60 3092
55 440 73 2255
56 453 54 2375
57 463 34 2566
58 466 33 2689
59 467 56 1691
60 476 55 2597
61 477 57 1580
62 490 74 2376
63 502 89 801
64 513 92 1049
65 519 107 3008
66 529 113 993
67 540 98 2067
68 553 103 1344
69 562 104 210
70 563 101 1692
71 578 78 893
72 579 89 1372
73 591 85 2707
74 594 94 2014
75 605 114 377
76 620 130 1435
77 634 114 2326
78 647 98 1862
79 652 85 2219
80 666 79 248
81 675 59 2845
82 687 54 465
83 694 59 724
84 709 37 2276
85 710 16 864
86 716 35 2886
87 723 20 1085
88 728 20 402
89 739 24 824
90 742 46 1974
91 756 46 1642
92 759 22 1342
93 771 3 1577
94 782 0 1468
95 793 0 2391
96 795 25 1984
97 797 40 2709
98 808 43 1573
99 820 40 2239
100 829 44 2873
101 838 46 838
102 853 24 133
103 859 11 735
104 873 1 673
105 876 0 1355
106 887 18 894
107 899 3 762
108 905 21 956
109 916 31 819
110 926 30 157
111 932 32 1766
112 941 42 2417
113 955 34 1118
114 957 49 1011
115 964 37 2228
116 966 30 1942
117 975 11 1328
118 989 4 2525
119 993 0 565
120 1008 23 2906
121 1012 32 265
122 1014 36 1713
123 1028 15 753
124 1032 22 1607
125 1045 0 2088
126 1050 0 1870
127 1056 0 3073
128 1067 14 1866
129 1077 15 2926
130 1090 12 1670
131 1105 16 1269
132 1108 7 1786
133 1113 31 773
134 1119 30 2570
135 1127 22 633
136 1139 32 666
137 1146 49 1000
138 1157 36 2243
139 1165 55 104
140 1167 59 172
141 1178 74 1070
142 1179 91 1184
143 1185 102 1508
144 1200 79 1516
145 1208 71 2192
146 1218 54 3025
147 1231 41 3060
148 1237 49 2181
149 1244 33 2402
150 1257 13 2479
151 1268 0 2908
152 1269 0 1418
153 1284 22 2182
154 1286 7 814
155 1289 19 667
156 1303 43 2428
157 1306 28 580
158 1317 29 2256
159 1331 52 1566
160 1337 49 1812
161 1350 71 805
162 1362 63 1232
163 1375 77 1090
164 1378 94 1398
165 1393 94 1285
166 1402 118 608
167 1412 111 1615
168 1420 123 1298
169 1421 118 1800
170 1423 95 2183
171 1437 113 313
172 1440 89 2790
173 1448 81 1125
174 1450 95 434
175 1454 101 2905
176 1464 107 620
177 1472 101 1072
178 1475 119 2389
179 1479 143 1953
180 1481 120 533
181 1488 100 2051
182 1492 97 1791
183 1496 98 2789
184 1505 74 856
185 1520 73 2228
186 1522 52 3048
187 1537 37 1077
188 1546 28 2426
189 1553 52 233
190 1560 74 576
191 1561 94 1679
192 1567 95 2715
193 1582 86 247
194 1597 79 2598
195 1610 73 986
196 1618 51 1105
197 1626 46 1554
198 1629 67 2489
199 1639 43 2326
200 1648 58 2964
201 1662 81 2582
202 1677 78 1342
203 1687 96 3016
204 1702 104 1055
205 1707 111 1692
206 1721 114 2903
207 1722 118 1777
208 1737 141 2319
209 1740 150 2664
210 1752 150 3012
211 1766 138 2655
212 1775 123 1867
213 1782 137 2127
214 1795 133 1585
215 1803 116 164
216 1815 127 2815
217 1827 103 1581
218 1832 111 340
219 1847 99 563
220 1848 119 1429
221 1850 126 2668
222 1856 145 2697
223 1869 150 185
224 1872 147 1433
225 1876 150 2264
226 1887 130 996
227 1896 124 2953
228 1902 129 328
229 1916 133 1175
230 1927 114 987
231 1930 122 696
232 1936 120 1582
233 1951 100 590
234 1959 91 2013
235 1968 109 336
236 1974 111 3082
237 1986 121 2934
238 1998 114 1739
239 1999 95 3025
240 2005 114 968
241 2015 103 2021
242 2023 92 1938
243 2026 84 2241
244 2027 92 362
245 2040 101 1929
246 2051 98 474
247 2057 122 2925
248 2070 133 2314
249 2073 111 711
250 2084 102 1933
251 2096 104 1616
252 2100 118 2655
253 2107 137 1153
254 2118 150 2968
255 2132 150 113
256 2137 142 771
257 2151 146 2581
258 2164 133 2520
259 2169 150 1090
260 2172 150 2782
261 2177 150 273
262 2191 131 2985
263 2196 129 1420
264 2204 150 1618
265 2213 150 1796
266 2222 150 112
267 2232 128 2422
268 2236 147 492
269 2242 150 576
270 2257 130 1610
271 2260 112 1572
272 2268 96 2394
273 2269 117 1908
274 2270 127 1322
275 2282 110 1308
276 2288 91 2334
277 2296 96 1829
278 2307 86 2508
279 2320 103 2445
280 2329 123 1366
281 2331 128 1476
282 2336 121 1969
283 2340 122 1154
284 2348 124 454
285 2354 105 1987
286 2363 99 1807
287 2376 79 594
288 2378 98 213
289 2389 96 1960
290 2393 85 1644
291 2408 100 554
292 2423 76 808
293 2429 92 1283
294 2444 103 1287
295 2453 82 1875
296 2459 68 502
297 2468 61 2236
298 2476 41 1563
299 2477 33 957
300 2485 49 2327
301 2486 32 1821
302 2501 52 657
303 2513 74 670
304 2518 93 2394
305 2520 71 2071
306 2525 91 152
307 2526 97 2349
308 2530 94 1484
309 2544 119 344
310 2546 97 1685
311 2551 107 1423
312 2565 130 711
313 2573 119 1361
314 2582 112 1938
315 2587 89 2691
316 2600 105 2134
317 2610 85 1902
318 2617 93 507
319 2630 115 2625
320 2642 120 795
321 2655 107 830
322 2662 98 1932
323 2672 98 1485
324 2687 83 617
325 2695 75 1106
326 2699 52 713
327 2705 76 619
328 2715 96 2636
329 2721 99 194
330 2727 110 1185
331 2728 106 1723
332 2736 93 810
333 2737 105 2122
334 2741 82 2330
335 2743 89 2060
336 2751 100 1693
337 2756 93 2011
338 2767 102 1722
339 2768 103 1061
340 2779 83 631
341 2782 65 1086
342 2785 69 695
343 2787 79 327
344 2796 77 954
345 2811 87 275
346 2825 80 308
347 2827 91 1304
348 2833 80 754
349 2836 100 2455
350 2837 114 1305
351 2844 100 545
352 2853 98 976
353 2854 90 284
354 2857 70 341
355 2864 85 1015
356 2875 107 581
357 2879 116 986
358 2883 129 2643
359 2889 110 3030
360 2893 99 1441
361 2899 122 2002
362 2902 138 2079
363 2906 131 2138
364 2916 134 2134
365 2924 140 2747
366 2927 126 1707
367 2929 104 2617
368 2930 115 861
369 2937 127 1213
370 2943 106 306
371 2952 127 2555
372 2966 134 1932
373 2977 123 2586
374 2985 139 232
375 2990 150 1914
376 2996 150 1457
377 3003 141 3013
378 3006 134 2268
379 3017 111 2420
380 3019 103 1254
381 3034 105 2490
382 3036 87 364
383 3044 78 374
384 3049 56 2226
385 3062 72 1316
386 3077 52 2003
387 3082 57 2083
388 3084 62 753
389 3093 73 3053
390 3107 67 794
391 3120 44 115
392 3135 51 2297
393 3144 70 1168
394 3145 64 2440
395 3154 77 1503
396 3157 96 2161
397 3166 120 1563
398 3176 140 2927
399 3188 150 1153
400 3199 130 1703
401 3206 109 1943
402 3207 107 1949
403 3220 99 2777
404 3233 76 2286
405 3244 70 1169
406 3252 70 1187
407 3266 84 267
408 3273 70 881
409 3286 81 1290
410 3301 62 1750
411 3304 65 341
412 3319 86 1247
413 3330 103 2018
414 3340 115 2792
415 3347 137 1812
416 3358 135 324
417 3369 127 1612
418 3371 130 202
419 3377 114 1335
420 3389 124 353
421 3391 128 2546
422 3395 150 216
423 3396 150 2347
424 3405 150 976
425 3419 133 1752
426 3425 127 1169
427 3440 127 518
428 3455 112 1927
429 3468 131 3086
430 3469 144 2274
431 3473 150 2688
432 3485 150 1487
433 3492 137 1039
434 3507 119 2934
435 3514 129 1373
436 3527 115 1705
437 3541 137 1398
438 3554 150 2813
439 3556 145 1158
440 3561 122 589
441 3569 109 1552
442 3578 134 2461
443 3592 129 2069
444 3602 116 608
445 3616 137 2340
446 3619 137 1809
447 3629 150 208
448 3636 144 2249
449 3651 128 2398
450 3661 150 2349
451 3673 129 3045
452 3680 150 727
453 3682 150 1091
454 3697 150 2163
455 3708 150 2548
456 3712 147 866
457 3722 143 1142
458 3736 133 2686
459 3744 145 315
460 3748 135 1915
461 3753 149 2097
462 3754 150 3088
463 3766 150 1483
464 3778 150 1569
465 3785 138 2255
466 3795 121 586
467 3803 127 1993
468 3805 147 1338
469 3816 145 1110
470 3817 139 1608
471 3831 134 2055
472 3841 146 1051
473 3851 150 417
474 3853 147 1847
475 3866 126 2209
476 3871 150 1214
477 3882 150 1339
478 3885 136 947
479 3898 145 724
480 3909 150 2326
481 3919 138 1904
482 3923 146 2633
483 3933 126 2794
484 3947 150 2817
485 3959 139 2964
486 3966 139 2654
487 3967 138 2449
488 3974 140 2978
489 3989 116 2246
490 3998 138 1171
491 4009 117 305
492 4019 119 2097
493 4032 117 815
494 4046 120 390
495 4052 122 709
496 4054 131 1121
497 4067 117 1197
498 4081 137 589
499 4087 150 1329
500 4089 150 508
501 4099 150 2372
502 4105 141 2930
503 4107 146 251
504 4112 123 1998
505 4114 125 947
506 4122 105 2925
507 4124 108 1245
508 4133 118 532
509 4148 134 2500
510 4155 132 1107
511 4160 146 943
512 4164 122 3008
513 4169 146 828
514 4180 150 2426
515 4193 150 1745
516 4195 150 1075
517 4209 150 2770
518 4221 150 2613
519 4222 150 414
520 4232 150 2622
521 4243 150 1677
522 4252 150 2139
523 4253 148 1893
524 4257 129 1382
525 4270 116 1942
526 4283 112 1206
527 4286 128 290
528 4300 116 2587
529 4309 118 2459
530 4317 116 1043
531 4331 139 379
532 4333 120 1596
533 4345 105 1789
534 4355 129 2085
535 4370 130 2133
536 4371 118 2282
537 4377 111 913
538 4386 101 1430
539 4398 114 2588
540 4409 97 2358
541 4422 88 746
542 4437 67 2588
543 4439 59 2602
544 4452 52 3025
545 4457 45 936
546 4471 23 1715
547 4475 15 1264
548 4485 31 1200
549 4497 9 1089
550 4503 0 117
551 4518 2 2432
552 4523 20 1576
553 4526 3 1701
554 4532 21 1554
555 4540 13 2355
556 4543 16 181
557 4545 1 663
558 4549 0 670
559 4564 0 2327
560 4570 0 2242
561 4582 10 167
562 4593 0 1447
563 4605 14 3001
564 4610 4 1749
565 4621 6 2676
566 4632 0 3039
567 4646 0 2857
568 4648 0 1194
569 4651 0 1942
570 4652 12 100
571 4656 0 772
572 4668 0 2521
573 4674 12 1226
574 4686 29 1441
575 4690 51 3075
576 4702 33 902
577 4705 14 142
578 4708 0 2833
579 4709 0 785
580 4710 9 2204
581 4718 3 1492
582 4731 0 1096
583 4735 25 442
584 4750 31 806
585 4759 22 1539
586 4770 0 1574
587 4773 19 2879
588 4777 21 1331
589 4791 26 2824
590 4796 9 2649
591 4801 0 927
592 4810 11 1852
593 4823 0 2907
594 4827 20 2549
595 4840 29 2304
596 4852 49 3028
597 4863 72 230
598 4875 95 1659
599 4881 97 868
600 4895 120 539
601 4899 131 2840
602 4901 128 756
603 4913 150 1703
604 4928 134 1616
605 4933 139 2399
606 4942 129 632
607 4945 135 277
608 4947 125 2707
609 4959 123 1724
610 4967 142 2135
611 4980 132 1081
612 4985 128 2996
613 4997 115 1288
614 5011 104 2268
615 5025 97 1992
616 5033 104 2322
617 5037 113 1315
618 5044 92 3065
619 5049 70 2885
620 5060 86 890
621 5073 99 765
622 5088 122 1795
623 5093 124 1438
624 5107 104 2059
625 5111 108 709
626 5116 126 1643
627 5122 130 3028
628 5131 150 1972
629 5139 150 214
630 5144 143 405
631 5158 137 1888
632 5167 146 2354
633 5174 150 554
634 5180 137 233
635 5189 150 1066
636 5193 130 2952
637 5196 130 3070
638 5208 127 1572
639 5222 150 1828
640 5229 139 868
641 5240 138 1485
642 5249 142 1587
643 5259 135 724
644 5263 126 475
645 5275 109 1928
646 5288 111 2051
647 5301 136 230
648 5304 114 1473
649 5310 129 1930
650 5313 110 688
651 5318 90 392
652 5331 101 593
653 5346 114 913
654 5352 105 2000
655 5357 119 272
656 5361 132 468
657 5367 149 584
658 5375 150 1667
659 5379 130 1233
660 5384 115 3065
661 5396 136 753
662 5407 143 1490
663 5415 133 748
664 5419 130 2433
665 5434 129 1784
666 5435 140 1504
667 5448 129 2025
668 5454 130 2748
669 5464 143 539
670 5465 150 1634
671 5479 129 540
672 5487 144 821
673 5496 150 2988
674 5503 150 1038
675 5504 150 941
676 5513 150 853
677 5522 136 3088
678 5537 150 827
679 5547 144 521
680 5553 124 1440
681 5568 130 1010
682 5572 131 2414
683 5580 122 2317
684 5594 127 466
685 5597 138 753
686 5604 150 508
687 5619 150 650
688 5632 140 1996
689 5647 129 2352
690 5653 120 2705
691 5667 97 1562
692 5682 84 1568
693 5686 63 235
694 5695 84 3068
695 5700 72 2449
696 5709 77 1917
697 5721 54 590
698 5728 68 605
699 5731 86 2183
700 5733 69 1729
701 5736 76 1585
702 5749 97 1348
703 5755 85 2338
704 5759 84 1609
705 5760 63 2639
706 5774 43 191
707 5782 52 1377
708 5795 40 2895
709 5796 26 2822
710 5798 15 2183
711 5803 17 100
712 5810 41 1561
713 5823 49 488
714 5828 49 1128
715 5836 27 1984
716 5839 41 753
717 5846 65 248
718 5855 51 2972
719 5857 28 2711
720 5868 20 1781
721 5873 44 1568
722 5882 28 3051
723 5890 53 2404
724 5902 51 652
725 5907 39 2559
726 5916 55 385
727 5923 67 1837
728 5928 67 1978
729 5932 69 2472
730 5933 59 747
731 5944 70 2553
732 5945 88 321
733 5946 83 1460
734 5949 64 623
735 5950 60 2841
736 5962 44 2782
737 5966 56 345
738 5969 44 488
739 5980 51 893
740 5986 60 733
741 5995 47 1675
742 5997 51 1036
743 6006 73 1059
744 6007 56 465
745 6017 41 1073
746 6019 63 2074
747 6027 67 637
748 6029 79 1474
749 6038 86 2883
750 6050 111 274
751 6052 124 419
752 6056 149 852
753 6059 126 662
754 6063 108 2955
755 6065 94 2219
756 6073 90 3033
757 6085 69 665
758 6097 81 2468
759 6103 98 1802
760 6114 116 508
761 6129 97 673
762 6131 74 1535
763 6140 90 1316
764 6148 104 2011
765 6150 107 1641
766 6152 104 776
767 6165 128 342
768 6173 128 350
769 6181 114 1566
770 6185 96 1678
771 6186 80 1618
772 6187 74 433
773 6193 80 1590
774 6195 74 260
775 6208 53 1611
776 6214 45 1620
777 6215 21 935
778 6226 7 2919
779 6240 10 1095
780 6254 13 874
781 6257 0 325
782 6263 14 1356
783 6278 0 1723
784 6279 24 2109
785 6294 48 1653
786 6299 45 1893
787 6308 39 763
788 6312 23 1780
789 6314 44 294
790 6326 27 128
791 6328 50 2439
792 6341 73 1559
793 6353 91 551
794 6361 75 2125
795 6370 86 1641
796 6371 81 128
797 6376 63 1420
798 6381 39 874
799 6382 49 1019
800 6385 57 1119
801 6391 35 297
802 6396 36 2732
803 6402 45 2351
804 6416 66 1609
805 6425 87 1353
806 6431 82 2028
807 6443 70 2327
808 6446 73 1909
809 6450 87 2128
810 6457 103 1964
811 6464 118 595
812 6471 115 1045
813 6485 115 539
814 6492 96 453
815 6494 85 3097
816 6505 61 1116
817 6510 50 729
818 6515 43 2223
819 6517 54 2944
820 6522 50 2265
821 6535 28 490
822 6537 16 1052
823 6545 11 2437
824 6558 15 655
825 6573 0 1645
826 6585 0 2080
827 6590 14 2719
828 6592 29 2262
829 6601 25 904
830 6611 38 417
831 6621 25 1958
832 6630 37 1187
833 6637 18 904
834 6651 39 2376
835 6658 33 1199
836 6673 22 2129
837 6676 8 240
838 6686 25 2769
839 6699 5 179
840 6709 0 1706
841 6722 0 2846
842 6724 0 3077
843 6739 0 774
844 6742 0 2013
845 6748 21 520
846 6760 39 169
847 6761 48 1628
848 6763 32 2397
849 6774 27 574
850 6782 9 2107
851 6791 12 813
852 6792 0 1122
853 6800 0 1112
854 6814 0 1889
855 6823 0 378
856 6829 0 1927
857 6835 0 3095
858 6839 0 2933
859 6849 0 616
860 6856 12 697
861 6862 0 1673
862 6869 0 1809
863 6874 25 2067
864 6887 6 2935
865 6889 1 606
866 6891 0 2547
867 6892 24 1325
868 6894 38 2812
869 6902 52 1216
870 6904 35 1478
871 6908 23 740
872 6920 39 1838
873 6930 49 2551
874 6931 61 3069
875 6938 55 945
876 6953 60 192
877 6960 53 2297
878 6961 77 1781
879 6972 91 837
880 6986 102 355
881 6993 124 736
882 6999 108 1021
883 7006 97 2487
884 7015 88 229
885 7016 101 965
886 7027 108 2556
887 7037 100 1913
888 7052 120 1589
889 7055 136 649
890 7060 150 568
891 7072 133 3034
892 7074 150 1284
893 7078 150 324
894 7090 150 631
895 7104 150 2428
896 7119 150 2720
897 7127 148 1799
898 7128 137 2660
899 7141 150 2134
900 7148 150 2582
901 7163 150 2204
902 7165 150 543
903 7176 128 2124
904 7179 123 1940
905 7188 132 2637
906 7191 110 505
907 7202 112 2011
908 7207 98 1586
909 7217 78 1441
910 7228 64 1779
911 7236 41 1818
912 7239 31 884
913 7251 15 1506
914 7265 24 2291
915 7267 15 2314
916 7282 22 2574
917 7286 12 524
918 7291 23 2722
919 7298 42 190
920 7307 44 227
921 7310 60 1904
922 7324 61 884
923 7335 83 2559
924 7350 87 123
925 7365 67 133
926 7369 75 589
927 7371 76 1743
928 7373 72 2400
929 7384 78 1455
930 7388 75 1733
931 7389 63 606
932 7401 66 1900
933 7416 46 1737
934 7421 50 2792
935 7428 75 265
936 7433 97 353
937 7434 100 1966
938 7437 118 2837
939 7444 122 526
940 7453 146 2470
941 7465 135 1197
942 7478 111 2777
943 7492 126 1518
944 7494 108 1058
945 7499 114 1378
946 7507 122 2790
947 7510 141 802
948 7522 124 1144
949 7536 105 2873
950 7541 102 2902
951 7554 78 1342
952 7564 54 1735
953 7577 51 1358
954 7584 29 2470
955 7588 43 331
956 7593 67 2787
957 7594 53 2199
958 7605 38 737
959 7614 16 1311
960 7622 41 228
961 7627 59 1522
962 7640 49 139
963 7641 67 1888
964 7646 45 3001
965 7647 28 1323
966 7652 18 1237
967 7663 16 518
968 7674 16 866
969 7683 0 1348
970 7684 0 2732
971 7686 0 2583
972 7692 0 184
973 7693 15 2473
974 7696 1 465
975 7699 10 2269
976 7709 4 171
977 7718 0 1827
978 7722 0 2445
979 7736 8 370
980 7738 7 1767
981 7744 21 2818
982 7750 22 3099
983 7761 30 2580
984 7770 35 1523
985 7783 39 2832
986 7790 19 962
987 7805 8 2508
988 7819 2 2815
989 7823 0 767
990 7833 11 2606
991 7844 9 1400
992 7853 21 1328
993 7862 2 2940
994 7865 20 2169
995 7867 17 2114
996 7877 25 1826
997 7886 43 1373
998 7889 20 2987
999 7900 0 2784
1000 7904 19 1593
1001 7910 30 1837
1002 7922 40 731
1003 7928 52 2618
1004 7935 30 877
1005 7938 26 3040
1006 7943 9 2585
1007 7944 0 1123
1008 7945 0 3089
1009 7951 0 1617
1010 7952 0 538
1011 7966 0 1288
1012 7980 0 2616
1013 7994 4 512
1014 7999 0 2000
1015 8007 18 2468
1016 8017 40 1092
1017 8029 61 2754
1018 8036 59 1355
1019 8043 80 2020
1020 8058 68 2419
1021 8063 93 3024
1022 8065 109 552
1023 8070 94 1343
1024 8085 86 831
1025 8096 88 713
1026 8099 105 1100
1027 8106 126 1990
1028 8113 107 3050
1029 8115 111 1611
1030 8128 95 2429
1031 8133 90 1242
1032 8136 94 243
1033 8145 115 1212
1034 8149 111 2390
1035 8161 115 915
1036 8167 114 176
1037 8173 97 2062
1038 8174 93 1188
1039 8178 91 837
1040 8181 101 2713
1041 8182 110 729
1042 8191 109 706
1043 8200 94 2894
1044 8209 91 2902
1045 8222 75 1850
1046 8227 98 1998
1047 8234 81 675
1048 8246 100 758
1049 8248 120 1568
1050 8256 99 1006
1051 8262 94 1416
1052 8269 89 2500
1053 8278 88 1375
1054 8289 70 1539
1055 8304 82 1239
1056 8310 80 2143
1057 8325 87 1061
1058 8334 78 544
1059 8335 82 913
1060 8344 69 341
1061 8350 57 1210
1062 8363 75 1654
1063 8370 67 840
1064 8382 68 1092
1065 8384 48 2789
1066 8388 29 2104
1067 8391 28 502
1068 8404 42 1926
1069 8411 49 3072
1070 8416 28 2670
1071 8425 28 846
1072 8428 34 2056
1073 8434 29 509
1074 8438 8 265
1075 8444 11 2712
1076 8452 28 1054
1077 8462 35 2418
1078 8471 41 658
1079 8485 21 1323
1080 8495 4 2493
1081 8497 0 1958
1082 8511 0 343
1083 8518 21 3012
1084 8528 23 646
1085 8538 22 2487
1086 8542 18 611
1087 8555 16 2276
1088 8559 16 3083
1089 8574 14 644
1090 8586 18 1704
1091 8597 20 2094
1092 8610 0 2832
1093 8612 0 422
1094 8614 11 620
1095 8623 26 2174
1096 8636 35 232
1097 8639 37 1611
1098 8642 38 1070
1099 8656 61 390
1100 8669 80 162
1101 8682 94 2330
1102 8693 102 156
1103 8696 96 1058
1104 8706 118 1472
1105 8720 132 1802
1106 8731 130 1994
1107 8733 130 2980
1108 8743 150 2323
1109 8752 146 1636
1110 8754 143 2137
1111 8766 150 2474
1112 8770 150 1349
1113 8779 149 785
1114 8787 141 2801
1115 8789 150 588
1116 8802 150 795
1117 8803 139 1573
1118 8818 150 972
1119 8825 145 1603
1120 8840 150 1638
1121 8841 150 2146
1122 8851 150 641
1123 8865 150 2083
1124 8874 140 2630
1125 8879 150 2810
1126 8883 147 2602
1127 8890 150 1345
1128 8893 150 2715
1129 8908 131 2020
1130 8909 135 275
1131 8912 133 1392
1132 8920 109 2489
1133 8924 128 167
1134 8930 124 128
1135 8943 140 2934
1136 8952 121 1350
1137 8964 104 1244
1138 8976 120 2482
1139 8988 98 2340
1140 8993 114 1225
1141 9002 105 2933
1142 9009 111 3029
1143 9014 88 1724
1144 9029 75 1458
1145 9043 66 2595
1146 9047 65 2233
1147 9059 84 2451
1148 9062 84 2649
1149 9072 73 1797
1150 9076 64 883
1151 9078 50 2038
1152 9079 33 1709
1153 9089 37 2524
1154 9096 14 663
1155 9104 0 1370
1156 9115 0 212
1157 9124 0 2922
1158 9134 0 517
1159 9141 17 1964
1160 9149 11 2601
1161 9159 18 2011
1162 9168 5 981
1163 9183 0 2096
1164 9190 0 1877
1165 9201 0 1588
1166 9205 0 2880
1167 9208 0 621
1168 9212 0 1173
1169 9226 8 1239
1170 9239 9 460
1171 9251 0 437
1172 9261 0 1117
1173 9264 0 504
1174 9272 20 300
1175 9281 22 1875
1176 9296 26 2263
1177 9310 43 2849
1178 9311 32 130
1179 9315 47 1343
1180 9324 66 1684
1181 9338 72 2394
1182 9349 76 1331
1183 9355 80 1003
1184 9369 104 1405
1185 9377 122 2260
1186 9388 132 2077
1187 9396 144 264
1188 9411 150 485
1189 9420 149 2972
1190 9431 138 1463
1191 9446 147 1211
1192 9448 150 2325
1193 9457 150 156
1194 9462 150 526
1195 9474 150 1769
1196 9485 150 277
1197 9493 145 1036
1198 9496 144 1207
1199 9506 150 2379
1200 9517 141 2931
1201 9520 150 2751
1202 9525 145 3054
1203 9528 148 2323
1204 9529 128 842
1205 9538 140 2058
1206 9553 137 985
1207 9564 133 2565
1208 9578 135 1738
1209 9590 144 1904
1210 9596 134 2730
1211 9603 143 2002
1212 9606 135 503
1213 9616 138 144
1214 9618 129 1872
1215 9620 143 2214
1216 9631 137 2328
1217 9644 125 1935
1218 9645 113 1608
1219 9659 128 2089
1220 9666 139 917
1221 9677 135 1193
1222 9692 124 558
1223 9707 124 1099
1224 9721 121 1141
1225 9732 124 2315
1226 9738 137 1274
1227 9739 125 2961
1228 9750 116 234
1229 9763 99 1772
1230 9768 102 1569
1231 9778 115 581
1232 9785 112 843
1233 9792 122 129
1234 9807 144 1369
1235 9811 143 282
1236 9819 139 333
1237 9826 118 2679
1238 9827 117 160
1239 9835 132 2181
1240 9843 125 1958
1241 9845 108 2634
1242 9853 89 283
1243 9866 77 2632
1244 9869 83 262
1245 9877 104 2092
1246 9892 110 1022
1247 9900 123 945
1248 9914 141 2475
1249 9922 130 1449
1250 9934 150 2876
1251 9942 150 2001
1252 9952 150 281
1253 9959 150 1104
1254 9961 150 1804
1255 9963 139 1007
1256 9968 130 1003
1257 9980 150 1131
1258 9990 150 1646
1259 9998 150 2138
1260 10011 126 1570
1261 10024 134 175
1262 10033 116 2442
1263 10044 109 2181
1264 10052 122 1544
1265 10058 123 2151
1266 10073 137 2948
1267 10085 140 2598
1268 10096 150 2057
1269 10103 150 842
1270 10117 150 390
1271 10127 135 1976
1272 10133 127 2886
1273 10144 150 356
1274 10149 150 2097
1275 10164 134 1567
1276 10170 118 430
1277 10176 106 970
1278 10180 127 2097
1279 10194 129 730
1280 10207 131 2714
1281 10210 124 1375
1282 10220 103 892
1283 10232 98 1483
1284 10234 82 1740
1285 10237 104 2826
1286 10243 103 255
1287 10248 101 1851
1288 10263 83 405
1289 10276 73 2450
1290 10291 83 2230
1291 10302 85 2969
1292 10314 83 2401
1293 10325 80 786
1294 10327 90 2542
1295 10340 99 713
1296 10354 97 1832
1297 10364 114 238
1298 10373 106 721
1299 10376 83 554
1300 10389 108 2994
1301 10393 132 1199
1302 10407 150 2605
1303 10412 149 1769
1304 10416 150 111
1305 10421 136 1571
1306 10435 150 2745
1307 10450 150 2993
1308 10455 150 1746
1309 10459 149 1221
1310 10471 140 2437
1311 10472 118 420
1312 10486 118 929
1313 10494 110 2739
1314 10503 122 3029
1315 10515 125 1756
1316 10516 103 2515
1317 10526 124 870
1318 10536 124 802
1319 10548 116 1931
1320 10550 97 1597
1321 10561 95 867
1322 10565 98 1574
1323 10572 75 2290
1324 10582 91 1522
1325 10596 113 2608
1326 10601 132 650
1327 10609 136 1861
1328 10611 150 2677
1329 10617 150 1699
1330 10631 150 253
1331 10640 128 563
1332 10641 105 2053
1333 10647 120 1107
1334 10657 101 2299
1335 10661 96 2252
1336 10676 91 2382
1337 10683 114 2169
1338 10690 90 1559
1339 10700 105 587
1340 10708 94 2151
1341 10717 105 2433
1342 10726 84 783
1343 10728 67 1052
1344 10741 58 1340
1345 10752 70 106
1346 10761 67 187
1347 10769 84 2216
1348 10774 106 465
1349 10780 90 1901
1350 10782 91 1961
1351 10789 83 2116
1352 10790 65 2944
1353 10794 76 2906
1354 10799 89 2113
1355 10806 101 472
1356 10819 89 1961
1357 10824 85 110
1358 10828 82 2024
1359 10840 80 259
1360 10853 91 229
1361 10868 90 1488
1362 10871 68 955
1363 10874 90 2637
1364 10878 81 1197
1365 10890 68 626
1366 10894 80 2146
1367 10909 66 2421
1368 10917 75 149
1369 10927 94 1876
1370 10938 80 1479
1371 10951 104 2577
1372 10956 114 688
1373 10957 134 1611
1374 10962 141 2681
1375 10964 150 3021
1376 10968 132 2655
1377 10980 112 3089
1378 10990 136 2841
1379 11001 127 1787
1380 11015 139 2602
1381 11028 150 2918
1382 11036 150 937
1383 11040 138 1649
1384 11044 124 594
1385 11055 144 3035
1386 11068 137 2948
1387 11076 138 720
1388 11081 125 2299
1389 11091 138 1711
1390 11098 127 2998
1391 11110 149 3009
1392 11111 145 1954
1393 11124 150 306
1394 11138 137 1344
1395 11140 122 395
1396 11143 104 831
1397 11148 119 2615
1398 11163 128 1000
1399 11170 125 1480
1400 11184 115 2969
1401 11198 118 1982
1402 11200 97 2780
1403 11203 120 639
1404 11214 125 1785
1405 11215 126 2263
1406 11222 141 105
1407 11234 119 2043
1408 11240 95 2821
1409 11241 76 2282
1410 11251 66 1348
1411 11254 76 360
1412 11256 66 947
1413 11263 71 1059
1414 11278 67 1084
1415 11291 82 646
1416 11298 91 2111
1417 11299 100 602
1418 11301 78 474
1419 11304 59 1527
1420 11314 40 283
1421 11322 16 2616
1422 11330 22 863
1423 11345 28 338
1424 11347 38 713
1425 11355 29 2150
1426 11362 45 2400
1427 11376 64 491
1428 11385 84 1246
1429 11388 103 2247
1430 11400 97 1072
1431 11402 84 2410
1432 11413 67 2150
1433 11422 58 1021
1434 11433 37 1379
1435 11434 41 1224
1436 11438 28 159
1437 11448 53 2976
1438 11463 39 2394
1439 11469 28 146
1440 11484 33 1132
1441 11485 23 2619
1442 11494 37 1720
1443 11507 53 333
1444 11508 63 1296
1445 11515 42 520
1446 11516 46 2192
1447 11517 48 975
1448 11521 58 371
1449 11534 76 852
1450 11535 71 1976
1451 11540 49 2238
1452 11552 62 2733
1453 11555 50 725
1454 11564 50 2415
1455 11577 32 1163
1456 11580 40 622
1457 11594 43 2254
1458 11609 60 1431
1459 11615 76 2847
1460 11624 68 271
1461 11638 78 669
1462 11639 68 1911
1463 11645 59 950
1464 11650 60 312
1465 11661 69 2492
1466 11668 88 2143
1467 11681 91 1962
1468 11692 97 1205
1469 11698 101 1459
1470 11706 89 2408
1471 11720 83 1150
1472 11727 65 1574
1473 11730 44 2566
1474 11743 32 656
1475 11757 12 2396
1476 11772 36 459
1477 11776 31 298
1478 11786 11 1272
1479 11793 9 1305
1480 11805 12 1234
1481 11814 32 1435
1482 11824 20 482
1483 11833 22 196
1484 11837 23 2038
1485 11848 29 2001
1486 11857 34 1850
1487 11859 56 1686
1488 11867 61 141
1489 11874 63 552
1490 11876 52 3096
1491 11889 62 148
1492 11896 55 1925
1493 11903 46 494
1494 11905 61 735
1495 11916 38 2361
1496 11925 45 1490
1497 11938 33 2710
1498 11951 28 2189
1499 11961 42 2079
1500 11970 66 144
1501 11975 65 2067
1502 11980 47 2304
1503 11992 23 2292
1504 12000 40 2073
1505 12005 26 2801
1506 12006 17 2345
1507 12008 23 2666
1508 12018 3 362
1509 12024 0 2661
1510 12031 15 2816
1511 12040 0 1295
1512 12046 23 2128
1513 12058 26 2724
1514 12062 25 876
1515 12076 11 795
1516 12090 27 1825
1517 12097 38 2752
1518 12099 22 2133
1519 12110 30 1233
1520 12112 40 1714
1521 12119 25 2702
1522 12122 24 1359
1523 12128 19 2198
1524 12138 14 2036
1525 12139 0 1805
1526 12147 0 918
1527 12156 8 2597
1528 12171 8 2506
1529 12174 0 1473
1530 12188 17 2945
1531 12192 26 420
1532 12206 38 2467
1533 12209 41 853
1534 12219 29 276
1535 12225 47 1927
1536 12230 46 143
1537 12233 35 430
1538 12245 56 2743
1539 12252 57 1714
1540 12265 71 593
1541 12269 80 876
1542 12280 61 2508
1543 12287 69 2421
1544 12297 45 944
1545 12299 52 787
1546 12300 59 2865
1547 12309 42 2545
1548 12318 40 395
1549 12321 17 183
1550 12331 39 434
1551 12340 28 1784
1552 12343 4 1576
1553 12351 0 1454
1554 12366 4 1178
2209
1 5 -10
2 0 11
3 5 14
4 11 14
5 7 16
6 1 9
7 0 11
8 4 20
9 4 -8
10 11 11
11 4 14
12 8 -3
13 5 -18
14 0 19
15 7 -15
16 4 -2
17 8 7
18 5 1
19 7 -13
20 8 -17
21 5 0
22 0 15
23 11 -3
24 9 -10
25 10 -20
26 6 -12
27 3 4
28 3 22
29 11 4
30 1 19
31 3 -9
32 0 -14
33 6 15
34 2 18
35 8 5
36 2 23
37 0 -23
38 8 -9
39 6 8
40 1 5
41 6 7
42 6 -4
43 4 -13
44 1 3
45 8 14
46 9 -2
47 10 -12
48 4 8
49 0 -21
50 8 6
51 10 4
52 9 22
53 3 -2
54 9 20
55 6 -15
56 10 -22
57 10 15
58 6 20
59 6 -7
60 10 15
61 6 0
62 9 24
63 0 -23
64 7 -7
65 9 4
66 10 2
67 3 -22
68 1 -14
69 10 -6
70 4 -22
71 6 24
72 1 19
73 4 5
74 8 18
75 3 -15
76 3 -6
77 7 21
78 0 2
79 9 0
80 7 8
81 9 7
82 8 21
83 11 -10
84 11 -17
85 6 13
86 8 3
87 8 -7
88 2 15
89 8 12
90 4 -18
91 9 -9
92 10 11
93 11 -14
94 2 14
95 4 -9
96 3 0
97 1 -2
98 0 12
99 0 3
100 9 -18
101 6 -8
102 10 25
103 2 23
104 1 -18
105 0 -13
106 3 -3
107 9 -1
108 4 -7
109 0 15
110 1 -24
111 6 -17
112 6 11
113 3 -1
114 7 -3
115 1 -12
116 4 5
117 10 -8
118 6 -24
119 9 3
120 10 -8
121 6 2
122 5 -23
123 7 -16
124 6 -24
125 0 3
126 3 -14
127 11 14
128 6 -16
129 9 -3
130 8 15
131 9 -23
132 5 7
133 6 -23
134 11 -6
135 5 -4
136 6 8
137 9 -7
138 9 -21
139 2 14
140 6 -10
141 6 -9
142 8 -21
143 3 6
144 10 8
145 3 -14
146 5 -16
147 5 4
148 2 -3
149 11 0
150 2 -12
151 9 -3
152 7 4
153 2 0
154 11 -2
155 4 0
156 2 14
157 6 11
158 9 24
159 9 -18
160 10 -22
161 11 10
162 10 -13
163 0 0
164 9 18
165 0 24
166 10 -16
167 3 25
168 6 2
169 3 -10
170 5 -5
171 11 4
172 8 -24
173 1 -2
174 1 19
175 2 -10
176 2 9
177 3 -7
178 8 19
179 4 3
180 4 17
181 6 23
182 3 12
183 1 -9
184 0 17
185 2 -14
186 8 -3
187 4 -13
188 6 -15
189 10 -7
190 9 -10
191 6 10
192 1 19
193 2 -18
194 2 6
195 11 18
196 9 -14
197 3 -10
198 6 14
199 0 16
200 11 0
201 11 -15
202 2 -6
203 11 24
204 6 22
205 5 -15
206 8 -9
207 9 23
208 5 7
209 9 -4
210 9 -7
211 2 24
212 2 -16
213 5 -4
214 7 8
215 11 24
216 9 21
217 8 18
218 7 -7
219 7 15
220 6 -7
221 11 -6
222 3 -6
223 3 11
224 9 -2
225 10 -20
226 5 -3
227 9 2
228 1 -22
229 7 7
230 9 23
231 0 21
232 4 -6
233 7 -12
234 2 -22
235 9 -11
236 0 1
237 11 -4
238 2 -12
239 3 -22
240 5 -7
241 3 14
242 1 24
243 8 6
244 8 -23
245 2 -18
246 5 -17
247 1 15
248 5 20
249 11 -14
250 8 19
251 6 -16
252 2 -23
253 1 16
254 8 17
255 6 -10
256 1 -21
257 8 -7
258 5 12
259 7 2
260 5 -24
261 0 -6
262 10 20
263 3 6
264 9 -7
265 5 18
266 0 6
267 3 2
268 3 -14
269 5 -12
270 1 25
271 4 -6
272 1 -4
273 11 -12
274 10 -8
275 1 -23
276 11 -19
277 11 -20
278 5 20
279 6 -15
280 11 -21
281 7 3
282 7 5
283 7 4
284 6 -17
285 0 22
286 3 -4
287 5 -2
288 5 15
289 6 -9
290 0 1
291 11 19
292 9 -23
293 7 15
294 2 19
295 10 -5
296 2 22
297 11 6
298 5 5
299 4 -14
300 9 -3
301 9 0
302 7 3
303 8 -18
304 5 23
305 0 -7
306 2 -13
307 9 8
308 9 1
309 2 13
310 8 22
311 10 -13
312 0 19
313 5 15
314 5 -6
315 4 12
316 3 21
317 0 8
318 11 -20
319 11 -9
320 10 9
321 9 1
322 5 11
323 2 21
324 10 2
325 10 4
326 3 13
327 7 9
328 11 10
329 3 7
330 11 4
331 1 1
332 11 -23
333 9 -2
334 11 -24
335 4 25
336 10 24
337 6 9
338 8 25
339 4 16
340 0 -17
341 2 -17
342 4 6
343 5 -9
344 9 -8
345 7 25
346 0 7
347 11 -23
348 11 24
349 1 -24
350 6 -14
351 8 20
352 10 -11
353 10 -8
354 8 -22
355 9 13
356 3 16
357 10 -21
358 6 -23
359 4 -5
360 9 8
361 4 21
362 7 13
363 4 6
364 6 9
365 7 22
366 1 -13
367 6 1
368 2 10
369 1 -5
370 8 12
371 10 10
372 6 20
373 7 23
374 6 -16
375 3 8
376 7 9
377 2 -14
378 5 -17
379 2 3
380 8 13
381 7 -6
382 11 -24
383 8 8
384 2 2
385 0 -20
386 5 12
387 2 -2
388 7 -3
389 4 10
390 0 24
391 4 -21
392 2 15
393 2 19
394 2 -15
395 10 -20
396 9 19
397 2 -6
398 5 1
399 8 25
400 7 -16
401 10 -16
402 6 -9
403 7 7
404 9 23
405 9 18
406 3 -24
407 1 -13
408 8 -17
409 3 -3
410 5 15
411 4 13
412 1 -9
413 11 -8
414 2 -1
415 11 13
416 11 13
417 3 -22
418 4 13
419 3 13
420 0 12
421 3 17
422 0 -18
423 2 -20
424 4 11
425 9 -4
426 3 17
427 8 -15
428 0 20
429 2 8
430 3 -22
431 8 -14
432 11 -8
433 11 -7
434 10 -22
435 7 5
436 4 18
437 5 0
438 10 11
439 1 14
440 6 -9
441 1 -20
442 3 15
443 5 22
444 6 -11
445 11 -24
446 8 -12
447 5 -14
448 4 23
449 3 -17
450 1 23
451 11 25
452 5 -20
453 11 -18
454 10 20
455 4 -21
456 2 7
457 6 25
458 10 -6
459 1 -6
460 3 -9
461 7 0
462 4 21
463 8 7
464 0 -17
465 10 -24
466 5 -10
467 7 -23
468 11 -2
469 1 -16
470 3 -23
471 1 -3
472 4 -23
473 8 -10
474 11 -14
475 6 -2
476 11 23
477 9 -19
478 3 22
479 2 6
480 1 -3
481 8 -2
482 9 18
483 10 -10
484 10 -15
485 4 -5
486 5 3
487 2 9
488 0 6
489 7 -15
490 10 12
491 4 -18
492 6 -9
493 5 13
494 2 -21
495 11 -24
496 9 20
497 9 -20
498 5 -1
499 5 14
500 10 18
501 3 -13
502 6 -19
503 11 14
504 2 6
505 0 22
506 9 -3
507 5 16
508 0 22
509 0 -12
510 9 -5
511 3 14
512 2 -7
513 2 -2
514 6 -5
515 8 15
516 8 -23
517 2 1
518 4 -1
519 6 12
520 10 -14
521 5 -20
522 10 -4
523 3 -14
524 1 11
525 9 1
526 3 23
527 5 20
528 2 -19
529 10 4
530 0 -12
531 3 0
532 2 1
533 5 -6
534 7 -11
535 5 9
536 8 -21
537 9 -4
538 5 -20
539 3 -23
540 1 3
541 8 1
542 0 -24
543 6 17
544 11 -10
545 5 25
546 2 -19
547 9 3
548 1 -16
549 9 -18
550 4 1
551 9 -13
552 4 22
553 5 5
554 7 -9
555 5 13
556 5 23
557 9 12
558 5 17
559 10 4
560 7 -17
561 4 -8
562 0 -19
563 8 -20
564 1 -4
565 9 -2
566 10 9
567 2 -14
568 2 14
569 11 -12
570 7 4
571 9 0
572 11 -13
573 9 9
574 10 -24
575 9 11
576 0 17
577 2 24
578 8 -10
579 10 -17
580 10 13
581 2 17
582 2 8
583 8 -21
584 2 -5
585 10 -15
586 6 15
587 10 -21
588 0 6
589 7 17
590 6 24
591 3 -6
592 5 14
593 3 14
594 3 20
595 8 -1
596 5 1
597 2 -13
598 7 -6
599 6 -16
600 0 -4
601 6 -8
602 8 16
603 2 24
604 5 -13
605 7 19
606 2 -9
607 11 -5
608 1 19
609 4 20
610 11 17
611 9 -13
612 4 17
613 3 -11
614 10 -19
615 5 5
616 0 6
617 8 10
618 0 -20
619 7 -3
620 0 7
621 2 22
622 9 -3
623 6 -22
624 10 -14
625 7 25
626 4 21
627 7 8
628 0 17
629 8 22
630 7 11
631 5 11
632 11 20
633 7 -24
634 6 3
635 10 5
636 10 1
637 11 -6
638 0 9
639 4 -24
640 3 10
641 6 -19
642 6 19
643 0 -2
644 2 -18
645 10 24
646 9 -11
647 10 10
648 7 -9
649 3 7
650 11 2
651 6 -24
652 0 5
653 6 15
654 2 17
655 9 -12
656 0 -21
657 1 -11
658 11 -15
659 1 -24
660 4 -23
661 3 -8
662 9 15
663 8 -19
664 9 25
665 4 14
666 11 16
667 5 8
668 8 -18
669 11 24
670 0 0
671 0 10
672 4 11
673 2 8
674 6 -21
675 2 1
676 8 23
677 9 21
678 6 -3
679 10 -24
680 6 21
681 3 -5
682 1 10
683 5 -4
684 4 -8
685 3 13
686 6 3
687 6 25
688 1 -17
689 7 -6
690 5 19
691 2 13
692 0 25
693 8 11
694 4 -1
695 5 -23
696 4 8
697 11 25
698 5 -7
699 11 18
700 6 -3
701 5 -18
702 7 -23
703 3 -22
704 2 -17
705 7 -20
706 0 13
707 6 18
708 10 -15
709 10 17
710 9 -15
711 9 6
712 0 -19
713 4 -11
714 1 -21
715 10 -12
716 0 11
717 9 23
718 11 25
719 11 -22
720 11 8
721 7 21
722 4 18
723 11 15
724 4 -14
725 1 4
726 10 -16
727 2 9
728 7 -21
729 3 23
730 6 17
731 4 16
732 8 -20
733 8 9
734 11 -5
735 2 1
736 4 -20
737 9 -18
738 4 10
739 11 17
740 8 17
741 4 -6
742 5 7
743 11 -7
744 7 10
745 11 24
746 11 13
747 7 15
748 8 17
749 8 -23
750 6 2
751 7 -15
752 9 6
753 7 13
754 5 25
755 10 5
756 4 7
757 4 -18
758 6 -4
759 6 11
760 6 15
761 4 -19
762 5 13
763 0 17
764 10 8
765 3 12
766 9 -18
767 3 -6
768 6 19
769 5 -3
770 11 13
771 6 -16
772 2 3
773 4 19
774 1 -6
775 1 -13
776 6 -3
777 10 -22
778 11 1
779 3 -10
780 0 -20
781 5 8
782 0 19
783 10 -7
784 3 5
785 1 -21
786 1 -24
787 5 15
788 9 7
789 8 -6
790 0 -15
791 4 15
792 1 21
793 10 14
794 11 -20
795 4 7
796 9 -16
797 8 20
798 10 -19
799 8 9
800 0 1
801 9 -19
802 4 -7
803 4 7
804 4 8
805 4 15
806 10 -20
807 9 -1
808 1 -12
809 3 -12
810 1 -24
811 6 -18
812 8 -12
813 6 3
814 8 6
815 0 11
816 1 -2
817 0 -2
818 7 -4
819 11 -12
820 1 -15
821 8 -13
822 5 -23
823 2 -23
824 8 18
825 5 10
826 2 4
827 2 25
828 11 -9
829 10 -5
830 5 -9
831 8 7
832 6 7
833 10 -21
834 10 -9
835 5 16
836 11 -19
837 1 -9
838 9 -21
839 0 -18
840 9 24
841 1 -15
842 9 5
843 0 3
844 9 7
845 9 -21
846 2 2
847 2 18
848 7 17
849 4 -24
850 7 8
851 4 -10
852 10 5
853 10 -23
854 7 17
855 11 -20
856 7 -13
857 9 -6
858 7 -18
859 0 4
860 2 -8
861 6 -16
862 10 -15
863 10 25
864 1 -10
865 1 6
866 3 17
867 2 -2
868 10 -19
869 8 -16
870 11 -5
871 11 2
872 4 12
873 0 -17
874 0 4
875 10 -6
876 6 13
877 9 -14
878 10 -24
879 2 -10
880 2 -15
881 5 -4
882 9 6
883 8 -5
884 2 -16
885 9 -17
886 0 -9
887 0 20
888 11 10
889 3 -23
890 3 1
891 1 -6
892 0 13
893 6 -16
894 9 0
895 8 0
896 7 10
897 1 12
898 10 -16
899 9 1
900 8 2
901 7 6
902 2 18
903 1 16
904 4 -14
905 8 -1
906 4 20
907 6 -10
908 10 -6
909 6 17
910 4 -19
911 2 -20
912 8 21
913 0 -15
914 1 -1
915 11 8
916 7 -19
917 2 0
918 6 -2
919 3 2
920 10 13
921 6 -5
922 8 -17
923 1 0
924 7 20
925 4 25
926 6 8
927 6 -13
928 2 -12
929 10 -22
930 4 19
931 0 -4
932 3 -21
933 4 22
934 8 3
935 10 6
936 11 15
937 9 16
938 11 14
939 5 21
940 3 -17
941 8 -7
942 0 12
943 8 11
944 11 11
945 7 -6
946 11 -5
947 5 -15
948 8 24
949 3 2
950 7 -1
951 9 -4
952 2 25
953 5 -7
954 4 -3
955 8 3
956 10 25
957 2 -22
958 9 -13
959 6 10
960 4 11
961 8 2
962 7 20
963 2 -13
964 10 25
965 2 11
966 8 4
967 10 16
968 11 24
969 11 19
970 4 19
971 8 4
972 8 -6
973 3 -14
974 6 15
975 2 -9
976 2 -2
977 8 0
978 3 -22
979 3 -20
980 1 -20
981 9 18
982 10 12
983 7 3
984 10 -16
985 10 -14
986 10 -24
987 2 -5
988 1 -13
989 2 -16
990 3 24
991 1 10
992 7 -19
993 11 20
994 4 -2
995 7 -3
996 5 -20
997 9 -20
998 10 24
999 5 -6
1000 11 -12
1001 10 -18
1002 11 -2
1003 10 -22
1004 1 -10
1005 3 -13
1006 11 -21
1007 3 -13
1008 1 19
1009 1 -5
1010 2 22
1011 7 -15
1012 6 -8
1013 9 11
1014 7 -12
1015 4 -16
1016 10 -20
1017 0 9
1018 6 1
1019 4 -3
1020 1 -4
1021 7 1
1022 10 0
1023 0 7
1024 6 -18
1025 11 0
1026 4 8
1027 3 22
1028 9 10
1029 5 -8
1030 6 13
1031 11 -14
1032 3 24
1033 11 0
1034 8 23
1035 7 18
1036 7 -21
1037 5 -1
1038 9 19
1039 7 -4
1040 4 19
1041 4 18
1042 6 -20
1043 7 8
1044 0 -17
1045 10 -10
1046 2 -24
1047 8 8
1048 10 -10
1049 3 3
1050 8 -7
1051 4 10
1052 8 -5
1053 9 22
1054 4 -3
1055 9 -16
1056 1 -6
1057 4 9
1058 10 13
1059 6 20
1060 0 -21
1061 10 11
1062 4 8
1063 9 -8
1064 11 4
1065 5 -24
1066 7 18
1067 7 -13
1068 4 18
1069 11 -11
1070 6 -5
1071 6 7
1072 11 22
1073 4 24
1074 9 -23
1075 10 -19
1076 9 22
1077 3 -18
1078 7 -23
1079 7 8
1080 6 -11
1081 11 4
1082 0 -22
1083 8 25
1084 7 -10
1085 0 23
1086 0 5
1087 10 3
1088 1 11
1089 3 6
1090 5 -2
1091 1 1
1092 7 -6
1093 1 2
1094 8 -1
1095 9 9
1096 3 -9
1097 11 -12
1098 0 6
1099 10 -21
1100 6 -21
1101 11 -8
1102 1 20
1103 1 1
1104 2 17
1105 1 -9
1106 2 -14
1107 0 23
1108 3 -13
1109 10 19
1110 11 -14
1111 1 -6
1112 10 17
1113 1 -1
1114 3 3
1115 6 11
1116 3 2
1117 0 10
1118 2 -24
1119 10 -24
1120 4 13
1121 7 6
1122 11 -3
1123 10 -4
1124 11 22
1125 0 -8
1126 11 -12
1127 1 -8
1128 8 6
1129 7 8
1130 0 -23
1131 4 3
1132 7 22
1133 0 -4
1134 10 -3
1135 6 -24
1136 10 -1
1137 7 6
1138 1 -18
1139 9 13
1140 8 -23
1141 3 12
1142 0 15
1143 10 -9
1144 7 7
1145 7 -21
1146 3 19
1147 0 -12
1148 7 -3
1149 1 7
1150 6 -24
1151 9 23
1152 3 -1
1153 11 -20
1154 7 -15
1155 7 8
1156 7 -23
1157 5 13
1158 7 -5
1159 4 0
1160 8 -7
1161 4 0
1162 5 4
1163 10 0
1164 5 1
1165 6 0
1166 9 11
1167 3 0
1168 9 0
1169 3 2
1170 2 -6
1171 9 0
1172 2 0
1173 0 6
1174 8 18
1175 10 -22
1176 7 0
1177 3 0
1178 2 24
1179 5 -1
1180 3 11
1181 8 24
1182 4 5
1183 3 4
1184 11 7
1185 1 12
1186 6 -3
1187 7 16
1188 3 20
1189 11 -22
1190 10 -19
1191 2 5
1192 9 25
1193 2 -23
1194 1 3
1195 2 14
1196 11 3
1197 1 1
1198 2 -11
1199 6 9
1200 1 6
1201 7 23
1202 9 -10
1203 0 6
1204 0 -21
1205 6 -17
1206 9 -10
1207 10 -2
1208 0 -1
1209 0 3
1210 7 -15
1211 9 -15
1212 2 12
1213 4 2
1214 4 5
1215 8 4
1216 7 13
1217 0 9
1218 6 19
1219 2 1
1220 3 0
1221 10 -4
1222 7 -21
1223 7 -17
1224 5 -23
1225 6 -8
1226 7 12
1227 6 14
1228 1 23
1229 1 -19
1230 6 7
1231 1 11
1232 9 6
1233 1 -20
1234 11 6
1235 3 -7
1236 10 -22
1237 9 -2
1238 5 1
1239 4 17
1240 5 -10
1241 9 -2
1242 10 -19
1243 0 -3
1244 7 -4
1245 4 25
1246 3 20
1247 1 -7
1248 7 24
1249 8 -4
1250 4 -6
1251 4 21
1252 11 -4
1253 2 -19
1254 10 -2
1255 7 -4
1256 6 18
1257 2 -21
1258 11 24
1259 5 -13
1260 7 -12
1261 6 7
1262 11 -6
1263 3 18
1264 9 18
1265 7 -8
1266 2 -1
1267 4 -17
1268 8 -15
1269 10 -8
1270 11 -18
1271 6 20
1272 10 -24
1273 8 -7
1274 7 19
1275 7 -6
1276 7 17
1277 10 -13
1278 11 13
1279 8 -19
1280 11 -6
1281 10 5
1282 5 -5
1283 9 15
1284 11 24
1285 3 -16
1286 11 23
1287 10 20
1288 7 7
1289 8 22
1290 9 -4
1291 3 2
1292 9 7
1293 0 -10
1294 3 -3
1295 4 16
1296 9 12
1297 7 18
1298 8 3
1299 5 -6
1300 3 -11
1301 0 12
1302 11 -7
1303 7 -12
1304 11 6
1305 4 0
1306 10 0
1307 0 -22
1308 11 24
1309 5 25
1310 6 14
1311 11 9
1312 7 7
1313 8 3
1314 3 -1
1315 5 -2
1316 7 7
1317 1 -18
1318 10 -4
1319 0 -16
1320 1 2
1321 2 -15
1322 9 7
1323 4 0
1324 8 12
1325 8 -3
1326 8 18
1327 0 7
1328 5 5
1329 4 23
1330 0 4
1331 9 -15
1332 5 25
1333 11 3
1334 6 20
1335 3 23
1336 8 -24
1337 2 -21
1338 7 -2
1339 5 22
1340 4 6
1341 1 8
1342 10 16
1343 8 -21
1344 11 13
1345 3 -9
1346 4 -24
1347 0 -6
1348 4 8
1349 4 -14
1350 11 -6
1351 2 7
1352 6 -10
1353 2 22
1354 4 -10
1355 0 -5
1356 6 -10
1357 5 -17
1358 0 4
1359 3 6
1360 9 -4
1361 10 -13
1362 5 -21
1363 8 3
1364 8 9
1365 3 -5
1366 6 16
1367 2 -6
1368 5 -13
1369 4 16
1370 7 18
1371 9 19
1372 8 -1
1373 6 -1
1374 1 -14
1375 9 11
1376 3 -18
1377 4 -24
1378 11 7
1379 11 12
1380 8 23
1381 5 1
1382 7 -18
1383 7 -24
1384 11 18
1385 11 1
1386 4 19
1387 3 -4
1388 1 -2
1389 7 -2
1390 10 0
1391 6 23
1392 10 12
1393 9 -7
1394 9 -3
1395 2 -21
1396 6 20
1397 0 -23
1398 9 -16
1399 8 -12
1400 3 -15
1401 7 15
1402 4 -13
1403 7 -7
1404 9 18
1405 5 -23
1406 10 -8
1407 9 5
1408 0 17
1409 10 25
1410 0 -13
1411 9 -9
1412 5 -7
1413 7 9
1414 8 14
1415 2 0
1416 1 2
1417 1 22
1418 7 11
1419 2 20
1420 8 16
1421 5 -9
1422 10 -19
1423 3 -21
1424 6 18
1425 2 8
1426 4 16
1427 11 -10
1428 1 -1
1429 10 -2
1430 1 -9
1431 5 -8
1432 8 -10
1433 0 -6
1434 4 -11
1435 5 -21
1436 2 -18
1437 4 10
1438 2 -7
1439 4 -21
1440 8 -18
1441 5 22
1442 11 10
1443 5 10
1444 2 12
1445 5 7
1446 0 19
1447 5 17
1448 2 -23
1449 4 -14
1450 3 -15
1451 7 11
1452 7 -13
1453 5 -1
1454 8 16
1455 8 -22
1456 3 -12
1457 7 5
1458 4 25
1459 7 -8
1460 8 18
1461 1 -24
1462 4 14
1463 2 3
1464 10 24
1465 2 6
1466 9 -11
1467 7 -2
1468 3 20
1469 5 7
1470 11 -18
1471 3 -6
1472 9 -3
1473 1 4
1474 9 18
1475 1 6
1476 7 -24
1477 9 20
1478 6 18
1479 11 -21
1480 4 -20
1481 1 -22
1482 2 0
1483 4 16
1484 6 2
1485 7 17
1486 9 -23
1487 0 -4
1488 4 -15
1489 10 13
1490 10 17
1491 11 2
1492 7 4
1493 10 -18
1494 1 -6
1495 9 -5
1496 4 -2
1497 5 7
1498 5 -12
1499 3 8
1500 0 22
1501 7 17
1502 10 9
1503 8 20
1504 6 -19
1505 10 -18
1506 0 -8
1507 0 7
1508 0 11
1509 6 -1
1510 6 -16
1511 4 -23
1512 10 -20
1513 10 18
1514 3 -15
1515 8 -20
1516 9 14
1517 9 19
1518 3 -17
1519 3 12
1520 0 16
1521 1 14
1522 7 -3
1523 1 5
1524 10 -22
1525 3 -1
1526 0 5
1527 8 5
1528 10 -23
1529 9 14
1530 3 15
1531 6 24
1532 1 25
1533 2 11
1534 8 -3
1535 1 -9
1536 11 -22
1537 8 0
1538 6 -16
1539 6 -22
1540 5 -5
1541 0 19
1542 8 -6
1543 9 1
1544 0 -13
1545 8 9
1546 2 -8
1547 6 -6
1548 0 -16
1549 0 4
1550 4 -19
1551 9 -11
1552 6 -22
1553 6 19
1554 9 -19
1555 3 15
1556 10 -1
1557 10 0
1558 9 23
1559 6 16
1560 8 -6
1561 2 -20
1562 0 15
1563 9 -21
1564 2 -16
1565 10 0
1566 7 -15
1567 0 0
1568 0 20
1569 3 -9
1570 5 -14
1571 8 -22
1572 7 12
1573 8 6
1574 0 12
1575 0 -8
1576 10 2
1577 8 18
1578 11 16
1579 1 21
1580 0 -12
1581 9 -23
1582 7 13
1583 6 -24
1584 7 -6
1585 0 -9
1586 2 -14
1587 4 -1
1588 1 -10
1589 10 -21
1590 0 -24
1591 7 24
1592 2 -24
1593 0 -17
1594 6 18
1595 10 12
1596 0 -14
1597 7 -14
1598 9 22
1599 3 12
1600 9 -10
1601 4 8
1602 7 -19
1603 8 -20
1604 8 4
1605 4 2
1606 10 5
1607 7 -18
1608 0 2
1609 9 4
1610 11 12
1611 6 17
1612 11 -15
1613 11 -6
1614 7 -18
1615 2 0
1616 0 -20
1617 3 0
1618 5 -3
1619 4 22
1620 9 1
1621 3 1
1622 10 -11
1623 11 -2
1624 5 -6
1625 3 -6
1626 10 -1
1627 11 0
1628 5 0
1629 9 20
1630 5 -11
1631 5 -4
1632 11 -7
1633 6 4
1634 7 0
1635 3 2
1636 6 -7
1637 2 18
1638 3 12
1639 4 13
1640 11 21
1641 3 9
1642 4 -10
1643 10 -19
1644 7 -20
1645 9 5
1646 10 -23
1647 10 15
1648 1 9
1649 7 -15
1650 6 0
1651 11 -9
1652 8 13
1653 5 13
1654 5 10
1655 6 21
1656 3 14
1657 0 10
1658 1 17
1659 3 -15
1660 7 18
1661 4 21
1662 11 14
1663 6 15
1664 4 5
1665 8 -18
1666 9 -14
1667 2 9
1668 4 10
1669 0 -20
1670 5 -17
1671 5 0
1672 9 -1
1673 2 -14
1674 4 23
1675 1 0
1676 7 -4
1677 5 14
1678 8 25
1679 0 14
1680 11 8
1681 5 11
1682 9 -6
1683 9 25
1684 8 17
1685 0 8
1686 3 -22
1687 1 22
1688 2 22
1689 9 15
1690 9 4
1691 2 -2
1692 5 -19
1693 1 -3
1694 7 24
1695 6 -24
1696 6 17
1697 0 7
1698 1 -8
1699 0 4
1700 2 -7
1701 0 -1
1702 2 19
1703 1 -10
1704 8 -5
1705 10 -10
1706 5 -4
1707 8 22
1708 6 -9
1709 10 15
1710 11 -7
1711 6 -16
1712 5 -21
1713 7 0
1714 10 2
1715 2 -22
1716 0 -1
1717 0 23
1718 11 20
1719 2 -12
1720 8 -5
1721 4 -4
1722 8 -15
1723 0 -2
1724 7 -22
1725 10 9
1726 10 20
1727 1 3
1728 11 10
1729 5 -17
1730 8 11
1731 9 25
1732 4 -9
1733 5 -5
1734 9 -11
1735 0 -18
1736 3 15
1737 3 -10
1738 1 -1
1739 2 -8
1740 6 12
1741 5 20
1742 4 11
1743 7 14
1744 10 -9
1745 11 -9
1746 2 13
1747 3 -19
1748 0 2
1749 10 24
1750 0 2
1751 7 -17
1752 3 3
1753 4 10
1754 9 -17
1755 9 -6
1756 1 7
1757 9 12
1758 2 25
1759 7 5
1760 9 21
1761 3 -14
1762 8 19
1763 9 -2
1764 2 -7
1765 11 -4
1766 2 -6
1767 6 21
1768 10 -7
1769 2 -5
1770 3 1
1771 6 -23
1772 3 -10
1773 8 18
1774 8 -2
1775 11 14
1776 4 19
1777 11 6
1778 7 -12
1779 10 -13
1780 0 -23
1781 4 -22
1782 8 -1
1783 10 -20
1784 6 3
1785 9 -16
1786 0 17
1787 5 -21
1788 7 -7
1789 5 -17
1790 1 20
1791 5 21
1792 7 -8
1793 3 13
1794 3 13
1795 4 5
1796 0 -11
1797 6 -13
1798 1 13
1799 3 -6
1800 1 -4
1801 9 23
1802 3 15
1803 6 -16
1804 7 9
1805 4 -21
1806 5 5
1807 10 9
1808 6 3
1809 5 -3
1810 11 -9
1811 5 -10
1812 5 13
1813 8 12
1814 11 10
1815 1 -4
1816 1 25
1817 7 7
1818 5 -16
1819 5 7
1820 6 11
1821 6 -10
1822 5 19
1823 10 23
1824 5 18
1825 11 -6
1826 11 4
1827 2 -24
1828 10 -4
1829 2 25
1830 10 -18
1831 4 -11
1832 8 -20
1833 10 17
1834 6 0
1835 1 22
1836 11 -9
1837 2 -9
1838 9 -14
1839 4 24
1840 5 -22
1841 8 4
1842 0 19
1843 3 1
1844 5 -21
1845 5 8
1846 3 22
1847 11 13
1848 8 -19
1849 6 7
1850 8 -23
1851 4 21
1852 0 -2
1853 4 8
1854 4 -16
1855 1 -16
1856 4 14
1857 0 21
1858 6 -6
1859 4 21
1860 1 -21
1861 0 17
1862 9 -20
1863 11 -18
1864 11 17
1865 0 -18
1866 2 3
1867 0 -13
1868 4 20
1869 8 -17
1870 11 -6
1871 5 -5
1872 3 -8
1873 4 15
1874 8 -19
1875 8 -11
1876 10 21
1877 11 -3
1878 9 -14
1879 8 -20
1880 8 -22
1881 2 17
1882 2 0
1883 1 12
1884 11 -2
1885 11 4
1886 5 24
1887 0 -1
1888 2 -10
1889 7 22
1890 11 4
1891 4 1
1892 3 8
1893 2 16
1894 11 20
1895 2 11
1896 10 -15
1897 11 -24
1898 8 -22
1899 1 -12
1900 0 -24
1901 8 -5
1902 3 -20
1903 10 0
1904 9 17
1905 1 0
1906 10 6
1907 8 18
1908 2 24
1909 10 22
1910 6 8
1911 0 10
1912 11 13
1913 0 22
1914 1 5
1915 6 20
1916 1 4
1917 4 24
1918 8 -15
1919 2 -15
1920 5 -5
1921 7 25
1922 10 11
1923 0 -12
1924 2 6
1925 2 22
1926 2 13
1927 8 -21
1928 6 16
1929 7 22
1930 1 12
1931 1 -22
1932 1 19
1933 9 19
1934 1 -19
1935 5 -23
1936 0 1
1937 4 8
1938 10 -2
1939 11 -11
1940 11 -5
1941 10 1
1942 0 4
1943 0 4
1944 7 -9
1945 11 3
1946 7 -17
1947 6 16
1948 8 23
1949 5 4
1950 5 12
1951 3 18
1952 7 18
1953 8 7
1954 3 10
1955 2 5
1956 1 19
1957 3 -2
1958 4 -15
1959 9 18
1960 2 -3
1961 8 -21
1962 4 14
1963 1 -9
1964 6 -8
1965 7 -8
1966 1 24
1967 8 -6
1968 2 -8
1969 3 16
1970 1 10
1971 5 -14
1972 8 -8
1973 11 24
1974 1 15
1975 6 -17
1976 2 7
1977 10 12
1978 3 24
1979 1 -23
1980 11 -11
1981 4 -9
1982 8 -11
1983 8 21
1984 6 -2
1985 2 -22
1986 3 23
1987 8 9
1988 4 7
1989 1 -5
1990 0 21
1991 9 21
1992 9 16
1993 10 24
1994 8 15
1995 7 -4
1996 11 -3
1997 10 25
1998 7 -1
1999 6 -21
2000 1 14
2001 4 -4
2002 1 -21
2003 7 -17
2004 5 -14
2005 6 -6
2006 8 -11
2007 4 -23
2008 10 -7
2009 7 -10
2010 1 -14
2011 7 -5
2012 2 14
2013 11 23
2014 2 4
2015 3 21
2016 9 10
2017 1 10
2018 4 -9
2019 1 20
2020 3 -24
2021 0 4
2022 10 0
2023 8 13
2024 1 -23
2025 9 -6
2026 7 -18
2027 1 24
2028 8 12
2029 7 10
2030 8 -7
2031 7 17
2032 4 25
2033 5 9
2034 8 -17
2035 0 -12
2036 10 10
2037 5 -15
2038 1 7
2039 4 -15
2040 10 16
2041 1 14
2042 9 -13
2043 5 -21
2044 5 17
2045 8 20
2046 9 24
2047 1 3
2048 8 -6
2049 1 -12
2050 8 1
2051 1 15
2052 6 0
2053 0 -4
2054 6 18
2055 6 16
2056 1 15
2057 6 7
2058 9 -1
2059 10 -18
2060 2 -4
2061 4 22
2062 2 0
2063 3 0
2064 11 0
2065 4 0
2066 8 -14
2067 7 17
2068 4 3
2069 6 0
2070 0 0
2071 4 -8
2072 10 9
2073 0 -10
2074 7 -17
2075 1 -14
2076 1 6
2077 2 1
2078 11 -20
2079 11 2
2080 7 23
2081 6 24
2082 5 10
2083 9 -17
2084 10 0
2085 5 -3
2086 8 -4
2087 7 -1
2088 5 -1
2089 0 16
2090 0 3
2091 2 9
2092 7 -23
2093 3 10
2094 7 -9
2095 6 0
2096 6 -3
2097 8 -8
2098 11 -20
2099 10 0
2100 5 -22
2101 0 -1
2102 9 -5
2103 7 -3
2104 10 -20
2105 0 -18
2106 3 -7
2107 1 -1
2108 8 -23
2109 1 -13
2110 3 25
2111 4 -20
2112 6 2
2113 1 -20
2114 1 -15
2115 11 4
2116 5 5
2117 7 13
2118 0 25
2119 8 17
2120 10 12
2121 2 6
2122 9 -13
2123 1 21
2124 9 -17
2125 2 21
2126 10 -14
2127 0 11
2128 10 -1
2129 9 9
2130 8 7
2131 4 -6
2132 11 -9
2133 3 9
2134 1 4
2135 5 12
2136 11 -18
2137 6 18
2138 10 9
2139 4 -19
2140 4 23
2141 6 1
2142 5 -14
2143 4 -4
2144 5 9
2145 9 0
2146 11 16
2147 5 21
2148 5 16
2149 11 -19
2150 3 8
2151 4 -19
2152 2 -21
2153 10 -21
2154 5 11
2155 8 -19
2156 6 15
2157 11 9
2158 7 21
2159 2 16
2160 9 12
2161 3 -4
2162 3 17
2163 1 0
2164 8 -5
2165 3 19
2166 2 0
2167 3 0
2168 3 -7
2169 8 4
2170 6 -19
2171 5 -18
2172 4 7
2173 7 -4
2174 1 -5
2175 11 -1
2176 5 23
2177 1 16
2178 11 -20
2179 9 -11
2180 5 -17
2181 7 -1
2182 7 20
2183 2 23
2184 10 -19
2185 3 -24
2186 10 -16
2187 9 -20
2188 4 -12
2189 5 -7
2190 6 1
2191 6 15
2192 5 9
2193 7 -14
2194 8 19
2195 5 20
2196 10 17
2197 4 5
2198 6 5
2199 11 -22
2200 0 7
2201 8 6
2202 1 20
2203 10 19
2204 7 0
2205 5 0
2206 3 -19
2207 5 0
2208 0 -17
2209 11 5
